StudyYear	Code	Births	BirthSchool	Rate	trt	year	interaction	Pop
2014.0	260005	1526	1107.0	15.538766	1.0	0.0	0.0	98206
2016.0	260005	1487	1166.0	15.07976	1.0	1.0	1.0	98990
2014.0	260010	653	499.0	17.866915	1.0	0.0	0.0	36548
2016.0	260010	580	476.0	15.797358	1.0	1.0	1.0	36866
2014.0	260020	305	192.0	16.194117	1.0	0.0	0.0	18834
2016.0	260020	284	174.0	14.920669	1.0	1.0	1.0	19225
2014.0	260030	356	173.0	14.800649	1.0	0.0	0.0	24053
2016.0	260030	323	206.0	13.315743	1.0	1.0	1.0	24454
2014.0	260040	551	294.0	15.590075	1.0	0.0	0.0	35343
2016.0	260040	491	292.0	13.7542715	1.0	1.0	1.0	36040
2014.0	260050	765	280.0	18.088528	1.0	0.0	0.0	42292
2016.0	260050	672	282.0	15.785765	1.0	1.0	1.0	42831
2014.0	260060	174	94.0	12.207956	1.0	0.0	0.0	14253
2016.0	260060	191	113.0	13.316601	1.0	1.0	1.0	14431
2014.0	260070	611	349.0	15.974691	1.0	0.0	0.0	38248
2016.0	260070	457	282.0	11.94459	1.0	1.0	1.0	38261
2014.0	260080	239	135.0	10.451285	1.0	0.0	0.0	22868
2016.0	260080	235	147.0	10.270979	1.0	1.0	1.0	22886
2014.0	260090	337	195.0	14.911505	1.0	0.0	0.0	22600
2016.0	260090	312	204.0	13.78031	1.0	1.0	1.0	22685
2014.0	260100	157	86.0	14.539729	1.0	0.0	0.0	10798
2016.0	260100	144	93.0	13.23043	1.0	1.0	1.0	10965
2014.0	260105	314	216.0	16.035133	1.0	0.0	0.0	19582
2016.0	260105	289	210.0	14.580496	1.0	1.0	1.0	20046
2014.0	260110	1592	1161.0	19.343628	1.0	0.0	0.0	82301
2016.0	260110	1497	921.0	18.07971	1.0	1.0	1.0	83287
2014.0	260120	1159	755.0	15.948152	1.0	0.0	0.0	72673
2016.0	260120	1017	732.0	14.001707	1.0	1.0	1.0	73154
2014.0	260130	167	98.0	12.092687	1.0	0.0	0.0	13810
2016.0	260130	148	99.0	10.601719	1.0	1.0	1.0	14091
2014.0	260140	852	491.0	20.235607	1.0	0.0	0.0	42104
2016.0	260140	721	419.0	17.07681	1.0	1.0	1.0	42331
2014.0	260150	152	90.0	12.845432	1.0	0.0	0.0	11833
2016.0	260150	148	78.0	12.447434	1.0	1.0	1.0	11941
2014.0	260160	355	230.0	17.163855	1.0	0.0	0.0	20683
2016.0	260160	338	233.0	16.347456	1.0	1.0	1.0	20672
2014.0	260170	1192	743.0	15.853383	1.0	0.0	0.0	75189
2016.0	260170	1045	671.0	13.847296	1.0	1.0	1.0	75729
2014.0	260180	189	125.0	15.135741	1.0	0.0	0.0	12487
2016.0	260180	151	103.0	12.043388	1.0	1.0	1.0	12589
2014.0	260190	762	414.0	12.635768	1.0	0.0	0.0	60305
2016.0	260190	677	435.0	11.211579	1.0	1.0	1.0	60469
2014.0	260200	501	276.0	13.520443	1.0	0.0	0.0	37055
2016.0	260200	551	313.0	14.765784	1.0	1.0	1.0	37571
2014.0	260210	667	320.0	14.035014	1.0	0.0	0.0	47524
2016.0	260210	564	248.0	11.808056	1.0	1.0	1.0	47991
2014.0	260220	479	315.0	12.32186	1.0	0.0	0.0	38874
2016.0	260220	392	274.0	10.070649	1.0	1.0	1.0	38976
2014.0	260230	611	280.0	16.025808	1.0	0.0	0.0	38126
2016.0	260230	601	273.0	15.776763	1.0	1.0	1.0	38069
2014.0	260240	179	101.0	19.895521	1.0	0.0	0.0	8997
2016.0	260240	161	90.0	17.922743	1.0	1.0	1.0	8980
2014.0	260250	112	73.0	15.011393	1.0	0.0	0.0	7461
2016.0	260250	82	57.0	10.984594	1.0	1.0	1.0	7464
2014.0	260260	702	314.0	14.460511	1.0	0.0	0.0	48546
2016.0	260260	607	311.0	12.364288	1.0	1.0	1.0	49624
2014.0	260270	185	108.0	14.258189	1.0	0.0	0.0	12975
2016.0	260270	175	120.0	13.449124	1.0	1.0	1.0	13050
2014.0	260280	879	370.0	15.723664	1.0	0.0	0.0	55903
2016.0	260280	834	389.0	14.754794	1.0	1.0	1.0	57120
2014.0	260290	3158	2435.0	15.918061	1.0	0.0	0.0	198391
2016.0	260290	3024	2376.0	15.078234	1.0	1.0	1.0	202636
2014.0	260300	569	437.0	17.2817	1.0	0.0	0.0	32925
2016.0	260300	512	403.0	15.398959	1.0	1.0	1.0	33557
2014.0	260310	233	121.0	11.759955	1.0	0.0	0.0	19813
2016.0	260310	229	129.0	11.476396	1.0	1.0	1.0	20082
2014.0	260320	411	203.0	14.69852	1.0	0.0	0.0	27962
2016.0	260320	381	203.0	13.535598	1.0	1.0	1.0	28326
2014.0	260330	142	77.0	12.703525	1.0	0.0	0.0	11178
2016.0	260330	147	87.0	13.198061	1.0	1.0	1.0	11094
2014.0	260340	83	47.0	14.442318	1.0	0.0	0.0	5747
2016.0	260340	89	42.0	15.483646	1.0	1.0	1.0	5741
2014.0	260345	2482	1927.0	16.238354	1.0	0.0	0.0	152848
2016.0	260345	2279	1797.0	14.793226	1.0	1.0	1.0	155228
2014.0	260350	201	116.0	11.080485	1.0	0.0	0.0	18140
2016.0	260350	224	120.0	12.2444515	1.0	1.0	1.0	18440
2014.0	260360	131	72.0	15.541583	1.0	0.0	0.0	8429
2016.0	260360	106	58.0	12.542894	1.0	1.0	1.0	8472
2014.0	260370	370	177.0	14.873176	1.0	0.0	0.0	24877
2016.0	260370	346	146.0	13.930268	1.0	1.0	1.0	24799
2014.0	260380	289	165.0	14.447833	1.0	0.0	0.0	20003
2016.0	260380	287	160.0	14.349282	1.0	1.0	1.0	19994
2014.0	260390	284	210.0	14.749415	1.0	0.0	0.0	19255
2016.0	260390	257	205.0	13.307098	1.0	1.0	1.0	19380
2014.0	260392	305	212.0	24.403904	1.0	0.0	0.0	12498
2016.0	260392	279	189.0	22.139343	1.0	1.0	1.0	12706
2014.0	260400	1103	786.0	13.753118	1.0	0.0	0.0	80200
2016.0	260400	949	720.0	11.708099	1.0	1.0	1.0	81884
2014.0	260410	5738	3797.0	16.761114	1.0	0.0	0.0	342340
2016.0	260410	5085	3519.0	14.649746	1.0	1.0	1.0	351686
2014.0	260415	166	98.0	11.6992035	1.0	0.0	0.0	14189
2016.0	260415	141	106.0	9.916309	1.0	1.0	1.0	14247
2014.0	260420	593	314.0	14.512616	1.0	0.0	0.0	40861
2016.0	260420	549	302.0	13.270806	1.0	1.0	1.0	41865
2014.0	260430	155	117.0	13.569115	1.0	0.0	0.0	11423
2016.0	260430	166	127.0	14.414727	1.0	1.0	1.0	11607
2014.0	260440	216	132.0	16.482258	1.0	0.0	0.0	13105
2016.0	260440	212	161.0	16.05574	1.0	1.0	1.0	13302
2014.0	260450	326	186.0	15.420274	1.0	0.0	0.0	21141
2016.0	260450	285	177.0	13.392228	1.0	1.0	1.0	21402
2014.0	260460	374	217.0	14.591136	1.0	0.0	0.0	25632
2016.0	260460	385	242.0	14.908612	1.0	1.0	1.0	26008
2014.0	260470	216	90.0	12.065691	1.0	0.0	0.0	17902
2016.0	260470	220	111.0	12.244671	1.0	1.0	1.0	18033
2014.0	260480	217	127.0	17.18948	1.0	0.0	0.0	12624
2016.0	260480	196	100.0	15.554321	1.0	1.0	1.0	12581
2014.0	260490	197	117.0	14.107705	1.0	0.0	0.0	13964
2016.0	260490	143	97.0	10.886943	1.0	1.0	1.0	12332
2014.0	260500	395	198.0	16.61409	1.0	0.0	0.0	23775
2016.0	260500	354	227.0	14.849616	1.0	1.0	1.0	23909
2014.0	260510	533	353.0	14.852589	1.0	0.0	0.0	35886
2016.0	260510	468	320.0	12.932821	1.0	1.0	1.0	36474
2014.0	260515	243	155.0	13.406157	1.0	0.0	0.0	18126
2016.0	260515	223	156.0	12.171161	1.0	1.0	1.0	18510
2014.0	260520	1578	964.0	23.58427	1.0	0.0	0.0	66909
2016.0	260520	1015	701.0	15.06337	1.0	1.0	1.0	67839
2014.0	260530	506	304.0	15.811018	1.0	0.0	0.0	32003
2016.0	260530	434	249.0	13.591382	1.0	1.0	1.0	31858
2014.0	260540	297	191.0	13.762743	1.0	0.0	0.0	21580
2016.0	260540	304	219.0	14.003408	1.0	1.0	1.0	21836
2014.0	260545	22	19.0	7.633588	1.0	0.0	0.0	2882
2016.0	260545	26	26.0	8.879782	1.0	1.0	1.0	2974
2014.0	260550	118	80.0	9.909305	1.0	0.0	0.0	11908
2016.0	260550	163	103.0	13.631042	1.0	1.0	1.0	12008
2014.0	260560	262	178.0	11.593433	1.0	0.0	0.0	22599
2016.0	260560	227	150.0	10.048694	1.0	1.0	1.0	22577
2014.0	260570	461	321.0	14.655858	1.0	0.0	0.0	31455
2016.0	260570	430	307.0	13.517337	1.0	1.0	1.0	32152
2014.0	260580	142	74.0	9.44463	1.0	0.0	0.0	15035
2016.0	260580	133	73.0	8.785837	1.0	1.0	1.0	15234
2014.0	260590	373	208.0	12.506287	1.0	0.0	0.0	29825
2016.0	260590	362	217.0	12.013008	1.0	1.0	1.0	30426
2014.0	260600	2360	1532.0	17.344778	1.0	0.0	0.0	136064
2016.0	260600	2179	1535.0	15.910219	1.0	1.0	1.0	137810
2014.0	260610	381	250.0	12.653604	1.0	0.0	0.0	30110
2016.0	260610	356	232.0	11.779498	1.0	1.0	1.0	30324
2014.0	260620	1308	851.0	16.707329	1.0	0.0	0.0	78289
2016.0	260620	1151	754.0	14.6394825	1.0	1.0	1.0	78940
2014.0	260630	116	75.0	15.995587	1.0	0.0	0.0	7252
2016.0	260630	109	77.0	14.91108	1.0	1.0	1.0	7363
2014.0	260640	1266	805.0	15.594398	1.0	0.0	0.0	81183
2016.0	260640	1060	686.0	12.942929	1.0	1.0	1.0	82579
2014.0	260650	302	135.0	15.92827	1.0	0.0	0.0	18960
2016.0	260650	249	128.0	13.096303	1.0	1.0	1.0	19056
2014.0	260660	473	257.0	16.65317	1.0	0.0	0.0	28403
2016.0	260660	423	250.0	14.787624	1.0	1.0	1.0	28798
2014.0	260670	95	52.0	12.307294	1.0	0.0	0.0	7719
2016.0	260670	82	48.0	10.617636	1.0	1.0	1.0	7730
2014.0	260680	1684	1221.0	15.18225	1.0	0.0	0.0	110919
2016.0	260680	1563	1158.0	13.896668	1.0	1.0	1.0	113956
2014.0	260690	165	116.0	13.616108	1.0	0.0	0.0	12118
2016.0	260690	132	93.0	10.878523	1.0	1.0	1.0	12156
2014.0	260700	334	166.0	15.552244	1.0	0.0	0.0	21476
2016.0	260700	336	182.0	15.318684	1.0	1.0	1.0	22374
2014.0	260710	58	45.0	12.708151	1.0	0.0	0.0	4564
2016.0	260710	65	52.0	14.273167	1.0	1.0	1.0	4549
2014.0	260720	1576	1071.0	17.577318	1.0	0.0	0.0	89661
2016.0	260720	1562	1130.0	17.09982	1.0	1.0	1.0	92965
2014.0	260730	509	279.0	17.350103	1.0	0.0	0.0	29337
2016.0	260730	563	308.0	18.942198	1.0	1.0	1.0	30091
2014.0	260740	81	52.0	17.226711	1.0	0.0	0.0	4702
2016.0	260740	80	43.0	16.831474	1.0	1.0	1.0	4807
2014.0	260750	352	148.0	13.303099	1.0	0.0	0.0	26460
2016.0	260750	325	152.0	12.303616	1.0	1.0	1.0	26362
2014.0	260760	297	194.0	12.162162	1.0	0.0	0.0	24420
2016.0	260760	317	230.0	12.737062	1.0	1.0	1.0	25346
2014.0	260765	472	235.0	13.017458	1.0	0.0	0.0	36259
2016.0	260765	437	227.0	12.046532	1.0	1.0	1.0	36299
2014.0	260770	201	139.0	14.506351	1.0	0.0	0.0	13856
2016.0	260770	187	121.0	13.567438	1.0	1.0	1.0	13708
2014.0	260775	363	251.0	14.227483	1.0	0.0	0.0	25514
2016.0	260775	366	257.0	14.186047	1.0	1.0	1.0	26073
2014.0	260780	258	134.0	15.4500265	1.0	0.0	0.0	16699
2016.0	260780	209	125.0	12.474633	1.0	1.0	1.0	16806
2014.0	260790	9819	7574.0	14.418968	1.0	0.0	0.0	680978
2016.0	260790	8880	7071.0	12.941682	1.0	1.0	1.0	691125
2014.0	260795	210	114.0	17.976374	1.0	0.0	0.0	11682
2016.0	260795	238	128.0	20.408163	1.0	1.0	1.0	11649
2014.0	260800	287	123.0	17.107773	1.0	0.0	0.0	16776
2016.0	260800	217	108.0	12.871464	1.0	1.0	1.0	16943
2014.0	260805	242	167.0	16.660929	1.0	0.0	0.0	14525
2016.0	260805	213	146.0	14.603044	1.0	1.0	1.0	14646
2014.0	260810	359	232.0	10.994395	1.0	0.0	0.0	32653
2016.0	260810	306	193.0	9.288772	1.0	1.0	1.0	33217
2014.0	260820	247	126.0	15.396123	1.0	0.0	0.0	16043
2016.0	260820	266	155.0	16.604244	1.0	1.0	1.0	16004
2014.0	260825	192	91.0	17.246025	1.0	0.0	0.0	11133
2016.0	260825	182	107.0	16.25	1.0	1.0	1.0	11269
2014.0	260830	299	154.0	20.725029	1.0	0.0	0.0	14427
2016.0	260830	246	150.0	16.939816	1.0	1.0	1.0	14620
2014.0	260840	194	74.0	12.833234	1.0	0.0	0.0	15117
2016.0	260840	215	104.0	14.170841	1.0	1.0	1.0	15229
2014.0	260845	237	170.0	13.740724	1.0	0.0	0.0	17248
2016.0	260845	216	147.0	12.375387	1.0	1.0	1.0	17654
2014.0	260850	395	238.0	18.59086	1.0	0.0	0.0	21247
2016.0	260850	334	213.0	15.696226	1.0	1.0	1.0	21308
2014.0	260860	159	74.0	12.442288	1.0	0.0	0.0	12779
2016.0	260860	160	88.0	12.437811	1.0	1.0	1.0	12951
2014.0	260870	192	97.0	11.902548	1.0	0.0	0.0	16131
2016.0	260870	176	70.0	10.891089	1.0	1.0	1.0	16190
2014.0	260875	379	218.0	15.483291	1.0	0.0	0.0	24478
2016.0	260875	357	223.0	14.4213295	1.0	1.0	1.0	25030
2014.0	260880	706	382.0	18.1505	1.0	0.0	0.0	38897
2016.0	260880	642	378.0	16.360022	1.0	1.0	1.0	39570
2014.0	260890	810	567.0	14.378017	1.0	0.0	0.0	56336
2016.0	260890	741	554.0	13.167247	1.0	1.0	1.0	56203
2014.0	260900	387	227.0	15.53593	1.0	0.0	0.0	24910
2016.0	260900	364	268.0	14.55127	1.0	1.0	1.0	25114
2014.0	260910	189	125.0	12.564818	1.0	0.0	0.0	15042
2016.0	260910	177	120.0	11.557297	1.0	1.0	1.0	15571
2014.0	260915	238	99.0	11.951991	1.0	0.0	0.0	19913
2016.0	260915	253	117.0	12.461212	1.0	1.0	1.0	20681
2014.0	260920	231	111.0	19.477234	1.0	0.0	0.0	11860
2016.0	260920	175	81.0	14.94194	1.0	1.0	1.0	11570
2014.0	260930	238	156.0	15.860323	1.0	0.0	0.0	15006
2016.0	260930	252	169.0	16.693163	1.0	1.0	1.0	15185
2014.0	260940	833	592.0	13.782948	1.0	0.0	0.0	60437
2016.0	260940	733	540.0	12.012061	1.0	1.0	1.0	61577
2014.0	260950	482	322.0	15.084184	1.0	0.0	0.0	31954
2016.0	260950	433	324.0	13.501715	1.0	1.0	1.0	32174
2014.0	260960	6048	4704.0	15.554035	1.0	0.0	0.0	388838
2016.0	260960	5612	4354.0	14.4078455	1.0	1.0	1.0	390144
2014.0	260970	300	200.0	12.705404	1.0	0.0	0.0	23612
2016.0	260970	253	190.0	10.691797	1.0	1.0	1.0	23717
2014.0	260980	304	222.0	21.307913	1.0	0.0	0.0	14267
2016.0	260980	279	219.0	19.311968	1.0	1.0	1.0	14623
2014.0	260990	1227	710.0	18.284506	1.0	0.0	0.0	67106
2016.0	260990	1059	612.0	15.646932	1.0	1.0	1.0	68236
2014.0	261000	1757	976.0	28.328657	1.0	0.0	0.0	62022
2016.0	261000	1339	783.0	21.492432	1.0	1.0	1.0	62571
2014.0	261010	110	52.0	13.618917	1.0	0.0	0.0	8077
2016.0	261010	110	63.0	13.801757	1.0	1.0	1.0	7864
2014.0	261020	339	180.0	12.79535	1.0	0.0	0.0	26494
2016.0	261020	379	208.0	14.32026	1.0	1.0	1.0	26440
2014.0	261030	200	91.0	17.4642	1.0	0.0	0.0	11452
2016.0	261030	234	125.0	20.607662	1.0	1.0	1.0	11403
2014.0	261040	296	207.0	14.032426	1.0	0.0	0.0	21094
2016.0	261040	335	237.0	15.801142	1.0	1.0	1.0	21290
2014.0	261050	411	248.0	14.15533	1.0	0.0	0.0	29035
2016.0	261050	358	244.0	12.35079	1.0	1.0	1.0	28935
2014.0	261060	914	590.0	16.756191	1.0	0.0	0.0	54547
2016.0	261060	797	553.0	14.482483	1.0	1.0	1.0	55493
2014.0	261070	4303	3642.0	13.456126	1.0	0.0	0.0	319780
2016.0	261070	3976	3307.0	12.3194	1.0	1.0	1.0	325590
2014.0	261080	290	172.0	13.419713	1.0	0.0	0.0	21610
2016.0	261080	236	141.0	10.533363	1.0	1.0	1.0	22455
2014.0	261090	1007	618.0	15.310932	1.0	0.0	0.0	65770
2016.0	261090	904	585.0	13.664052	1.0	1.0	1.0	66524
2014.0	261100	693	501.0	19.835136	1.0	0.0	0.0	34938
2016.0	261100	669	489.0	18.929855	1.0	1.0	1.0	35731
2014.0	261110	6416	4441.0	19.67911	1.0	0.0	0.0	326031
2016.0	261110	6242	4602.0	18.803017	1.0	1.0	1.0	337683
2014.0	261120	163	78.0	14.476022	1.0	0.0	0.0	11260
2016.0	261120	143	77.0	12.69644	1.0	1.0	1.0	11266
2014.0	261130	390	239.0	14.564195	1.0	0.0	0.0	26778
2016.0	261130	357	238.0	13.300548	1.0	1.0	1.0	26902
2014.0	261140	201	120.0	13.999165	1.0	0.0	0.0	14358
2016.0	261140	173	96.0	11.920347	1.0	1.0	1.0	14657
2014.0	261150	346	166.0	13.63117	1.0	0.0	0.0	25383
2016.0	261150	335	168.0	13.117193	1.0	1.0	1.0	25686
2014.0	261153	99	71.0	14.471568	1.0	0.0	0.0	6841
2016.0	261153	91	71.0	13.327476	1.0	1.0	1.0	6812
2014.0	261160	23506	18939.0	14.613043	1.0	0.0	0.0	1608563
2016.0	261160	21413	17388.0	13.240295	1.0	1.0	1.0	1625583
2014.0	261170	346	175.0	17.243097	1.0	0.0	0.0	20066
2016.0	261170	250	153.0	12.387276	1.0	1.0	1.0	20286
2014.0	261180	884	590.0	19.036545	1.0	0.0	0.0	46437
2016.0	261180	514	340.0	11.014915	1.0	1.0	1.0	46877
2014.0	261190	395	211.0	17.11661	1.0	0.0	0.0	23077
2016.0	261190	345	220.0	14.8822365	1.0	1.0	1.0	23282
2014.0	261200	115	67.0	10.814369	1.0	0.0	0.0	10634
2016.0	261200	124	77.0	11.8819475	1.0	1.0	1.0	10247
2014.0	261210	68	32.0	6.6315584	1.0	0.0	0.0	10254
2016.0	261210	78	44.0	7.484168	1.0	1.0	1.0	10588
2014.0	261220	1055	792.0	17.757057	1.0	0.0	0.0	59413
2016.0	261220	991	776.0	16.579947	1.0	1.0	1.0	60117
2014.0	261230	250	106.0	15.901285	1.0	0.0	0.0	15722
2016.0	261230	236	127.0	14.992694	1.0	1.0	1.0	15761
2014.0	261240	307	159.0	12.501527	1.0	0.0	0.0	24557
2016.0	261240	271	151.0	10.818795	1.0	1.0	1.0	25521
2014.0	261245	264	167.0	17.986101	1.0	0.0	0.0	14678
2016.0	261245	224	130.0	15.071996	1.0	1.0	1.0	15032
2014.0	261247	182	134.0	14.78713	1.0	0.0	0.0	12308
2016.0	261247	181	123.0	14.626263	1.0	1.0	1.0	12439
2014.0	261250	1399	825.0	14.097707	1.0	0.0	0.0	99236
2016.0	261250	1225	764.0	12.069917	1.0	1.0	1.0	103660
2014.0	261255	185	102.0	13.142939	1.0	0.0	0.0	14076
2016.0	261255	192	122.0	13.552622	1.0	1.0	1.0	14265
2014.0	261260	809	549.0	19.682741	1.0	0.0	0.0	41102
2016.0	261260	747	500.0	18.088043	1.0	1.0	1.0	41475
2014.0	261270	168	67.0	12.238654	1.0	0.0	0.0	13727
2016.0	261270	205	103.0	14.824993	1.0	1.0	1.0	13921
2014.0	261280	159	108.0	13.74125	1.0	0.0	0.0	11571
2016.0	261280	140	95.0	12.041975	1.0	1.0	1.0	11682
2014.0	261290	151	73.0	9.994043	1.0	0.0	0.0	15109
2016.0	261290	159	74.0	10.39012	1.0	1.0	1.0	15497
2014.0	261300	803	406.0	14.076606	1.0	0.0	0.0	57045
2016.0	261300	627	333.0	10.873901	1.0	1.0	1.0	58251
2014.0	261310	483	275.0	13.188434	1.0	0.0	0.0	36623
2016.0	261310	513	308.0	13.954247	1.0	1.0	1.0	36895
2014.0	261320	333	175.0	14.944128	1.0	0.0	0.0	22283
2016.0	261320	350	191.0	15.620119	1.0	1.0	1.0	22518
2014.0	261330	356	158.0	16.849678	1.0	0.0	0.0	21128
2016.0	261330	327	160.0	15.446386	1.0	1.0	1.0	21215
2014.0	261340	381	195.0	19.042383	1.0	0.0	0.0	20008
2016.0	261340	356	190.0	17.505901	1.0	1.0	1.0	20654
2014.0	261350	578	383.0	17.193682	1.0	0.0	0.0	33617
2016.0	261350	468	308.0	13.895487	1.0	1.0	1.0	33742
2014.0	261360	458	338.0	13.79809	1.0	0.0	0.0	33193
2016.0	261360	434	323.0	13.006863	1.0	1.0	1.0	33537
2014.0	261370	1755	1256.0	16.05599	1.0	0.0	0.0	109305
2016.0	261370	1695	1233.0	15.371361	1.0	1.0	1.0	111197
2014.0	261380	242	105.0	13.681592	1.0	0.0	0.0	17688
2016.0	261380	282	143.0	15.874803	1.0	1.0	1.0	17834
2014.0	261390	1460	1068.0	17.440125	1.0	0.0	0.0	83715
2016.0	261390	1312	952.0	15.553132	1.0	1.0	1.0	84970
2014.0	261400	253	167.0	13.328417	1.0	0.0	0.0	18982
2016.0	261400	258	166.0	13.566095	1.0	1.0	1.0	19049
2014.0	261410	407	256.0	11.559873	1.0	0.0	0.0	35208
2016.0	261410	387	248.0	10.942404	1.0	1.0	1.0	35521
2014.0	261420	744	416.0	17.054832	1.0	0.0	0.0	43624
2016.0	261420	604	374.0	13.668869	1.0	1.0	1.0	44734
2014.0	261430	173	110.0	15.380512	1.0	0.0	0.0	11248
2016.0	261430	138	90.0	12.275395	1.0	1.0	1.0	11240
2014.0	261440	114	76.0	19.214563	1.0	0.0	0.0	5933
2016.0	261440	77	61.0	12.941176	1.0	1.0	1.0	5964
2014.0	261450	884	603.0	14.136762	1.0	0.0	0.0	62532
2016.0	261450	847	626.0	13.408688	1.0	1.0	1.0	63780
2014.0	261460	420	313.0	15.119879	1.0	0.0	0.0	27778
2016.0	261460	390	309.0	13.951491	1.0	1.0	1.0	28132
2014.0	261470	154	87.0	11.923196	1.0	0.0	0.0	12916
2016.0	261470	145	86.0	11.24903	1.0	1.0	1.0	12872
2014.0	261480	336	219.0	13.86253	1.0	0.0	0.0	24238
2016.0	261480	292	178.0	11.857868	1.0	1.0	1.0	25003
2014.0	261485	390	232.0	17.47077	1.0	0.0	0.0	22323
2016.0	261485	396	225.0	17.52988	1.0	1.0	1.0	22850
2014.0	261500	346	183.0	12.726203	1.0	0.0	0.0	27188
2016.0	261500	292	172.0	10.58201	1.0	1.0	1.0	27981
2014.0	261510	110	50.0	15.649452	1.0	0.0	0.0	7029
2016.0	261510	106	51.0	15.016292	1.0	1.0	1.0	7089
2014.0	261520	144	107.0	14.326933	1.0	0.0	0.0	10051
2016.0	261520	124	96.0	12.177158	1.0	1.0	1.0	10313
2014.0	261530	810	510.0	15.0431795	1.0	0.0	0.0	53845
2016.0	261530	709	442.0	13.231562	1.0	1.0	1.0	53328
2014.0	261540	584	261.0	14.23106	1.0	0.0	0.0	41037
2016.0	261540	500	279.0	11.869154	1.0	1.0	1.0	43174
2014.0	261550	209	123.0	15.431188	1.0	0.0	0.0	13544
2016.0	261550	187	128.0	13.751011	1.0	1.0	1.0	13643
2014.0	261560	598	353.0	20.492786	1.0	0.0	0.0	29181
2016.0	261560	527	318.0	17.851698	1.0	1.0	1.0	29842
2014.0	261570	190	144.0	12.447589	1.0	0.0	0.0	15264
2016.0	261570	172	131.0	11.280168	1.0	1.0	1.0	15235
2014.0	261580	308	124.0	11.768752	1.0	0.0	0.0	26171
2016.0	261580	293	128.0	11.076248	1.0	1.0	1.0	26727
2014.0	261590	119	85.0	14.617369	1.0	0.0	0.0	8141
2016.0	261590	104	77.0	12.760736	1.0	1.0	1.0	8159
2014.0	261600	265	161.0	15.002264	1.0	0.0	0.0	17664
2016.0	261600	200	145.0	11.191316	1.0	1.0	1.0	18067
2014.0	261610	147	102.0	15.585241	1.0	0.0	0.0	9432
2016.0	261610	134	96.0	14.173895	1.0	1.0	1.0	9471
2014.0	261618	107	55.0	13.712674	1.0	0.0	0.0	7803
2016.0	261618	115	78.0	14.83871	1.0	1.0	1.0	7693
2014.0	261620	389	187.0	19.727167	1.0	0.0	0.0	19719
2016.0	261620	311	159.0	15.567123	1.0	1.0	1.0	20222
2014.0	261630	401	241.0	12.52577	1.0	0.0	0.0	32014
2016.0	261630	360	218.0	11.193682	1.0	1.0	1.0	32296
2014.0	261640	2094	1475.0	15.525372	1.0	0.0	0.0	134876
2016.0	261640	1967	1403.0	14.483363	1.0	1.0	1.0	136706
2014.0	261650	298	134.0	20.476877	1.0	0.0	0.0	14553
2016.0	261650	221	100.0	15.151515	1.0	1.0	1.0	14618
2014.0	430003	73	52.0	15.64174	0.0	0.0	0.0	4667
2016.0	430003	49	39.0	10.41224	0.0	1.0	0.0	4731
2014.0	430005	48	36.0	12.503256	0.0	0.0	0.0	3839
2016.0	430005	43	39.0	11.195002	0.0	1.0	0.0	3841
2014.0	430010	162	101.0	9.453781	0.0	0.0	0.0	17136
2016.0	430010	165	111.0	9.637851	0.0	1.0	0.0	17102
2014.0	430020	61	50.0	8.23879	0.0	0.0	0.0	7404
2016.0	430020	78	76.0	10.557661	0.0	1.0	0.0	7372
2014.0	430030	59	50.0	8.510024	0.0	0.0	0.0	6933
2016.0	430030	57	45.0	8.306616	0.0	1.0	0.0	6799
2014.0	430040	925	769.0	11.743198	0.0	0.0	0.0	78769
2016.0	430040	858	761.0	10.929797	0.0	1.0	0.0	78244
2014.0	430045	37	32.0	8.830549	0.0	0.0	0.0	4190
2016.0	430045	38	31.0	9.189843	0.0	1.0	0.0	4085
2014.0	430047	22	15.0	10.481181	0.0	0.0	0.0	2099
2016.0	430047	22	18.0	10.5162525	0.0	1.0	0.0	2085
2014.0	430050	72	50.0	9.279547	0.0	0.0	0.0	7759
2016.0	430050	72	56.0	9.420384	0.0	1.0	0.0	7533
2014.0	430055	14	14.0	7.6045628	0.0	0.0	0.0	1841
2016.0	430055	15	15.0	8.187773	0.0	1.0	0.0	1815
2014.0	430057	26	16.0	8.606421	0.0	0.0	0.0	3021
2016.0	430057	32	27.0	10.564543	0.0	1.0	0.0	3032
2014.0	430060	3419	2315.0	16.62283	0.0	0.0	0.0	205681
2016.0	430060	3330	2595.0	16.121067	0.0	1.0	0.0	207392
2014.0	430063	61	39.0	9.053131	0.0	0.0	0.0	6738
2016.0	430063	55	41.0	8.116883	0.0	1.0	0.0	6817
2014.0	430064	73	50.0	9.652254	0.0	0.0	0.0	7563
2016.0	430064	69	50.0	9.117336	0.0	1.0	0.0	7573
2014.0	430066	11	8.0	8.573655	0.0	0.0	0.0	1283
2016.0	430066	11	9.0	8.513932	0.0	1.0	0.0	1300
2014.0	430070	41	24.0	6.5789475	0.0	0.0	0.0	6232
2016.0	430070	59	51.0	9.477912	0.0	1.0	0.0	6216
2014.0	430080	144	114.0	10.84991	0.0	0.0	0.0	13272
2016.0	430080	137	118.0	10.313935	0.0	1.0	0.0	13296
2014.0	430085	26	20.0	6.8983817	0.0	0.0	0.0	3769
2016.0	430085	42	31.0	11.170213	0.0	1.0	0.0	3755
2014.0	430087	108	56.0	20.58319	0.0	0.0	0.0	5247
2016.0	430087	95	74.0	17.917767	0.0	1.0	0.0	5349
2014.0	430090	54	43.0	8.110543	0.0	0.0	0.0	6658
2016.0	430090	46	44.0	6.9266677	0.0	1.0	0.0	6621
2014.0	430100	273	211.0	13.704131	0.0	0.0	0.0	19921
2016.0	430100	257	229.0	12.820513	0.0	1.0	0.0	20162
2014.0	430105	103	78.0	11.91578	0.0	0.0	0.0	8644
2016.0	430105	113	101.0	12.85698	0.0	1.0	0.0	8921
2014.0	430107	16	5.0	5.572971	0.0	0.0	0.0	2871
2016.0	430107	19	10.0	6.5880723	0.0	1.0	0.0	2895
2014.0	430110	177	124.0	12.493824	0.0	0.0	0.0	14167
2016.0	430110	175	129.0	12.326548	0.0	1.0	0.0	14227
2014.0	430120	139	86.0	10.469233	0.0	0.0	0.0	13277
2016.0	430120	138	110.0	10.364251	0.0	1.0	0.0	13353
2014.0	430130	201	113.0	10.600147	0.0	0.0	0.0	18962
2016.0	430130	219	150.0	11.556728	0.0	1.0	0.0	18935
2014.0	430140	110	53.0	10.392064	0.0	0.0	0.0	10585
2016.0	430140	117	91.0	11.042945	0.0	1.0	0.0	10605
2014.0	430150	62	44.0	8.639911	0.0	0.0	0.0	7176
2016.0	430150	71	57.0	9.935628	0.0	1.0	0.0	7117
2014.0	430155	34	25.0	9.090909	0.0	0.0	0.0	3740
2016.0	430155	25	22.0	6.7042103	0.0	1.0	0.0	3725
2014.0	430160	1591	1295.0	13.094758	0.0	0.0	0.0	121499
2016.0	430160	1619	1329.0	13.298506	0.0	1.0	0.0	121986
2014.0	430163	138	93.0	11.3964815	0.0	0.0	0.0	12109
2016.0	430163	143	108.0	11.622236	0.0	1.0	0.0	12493
2014.0	430165	64	52.0	10.608321	0.0	0.0	0.0	6033
2016.0	430165	52	47.0	8.580858	0.0	1.0	0.0	6086
2014.0	430170	67	49.0	9.925926	0.0	0.0	0.0	6750
2016.0	430170	104	76.0	15.391446	0.0	1.0	0.0	6759
2014.0	430175	68	39.0	9.237875	0.0	0.0	0.0	7361
2016.0	430175	61	40.0	8.259987	0.0	1.0	0.0	7415
2014.0	430180	42	25.0	7.6447034	0.0	0.0	0.0	5494
2016.0	430180	39	30.0	7.1115975	0.0	1.0	0.0	5479
2014.0	430185	37	30.0	11.44802	0.0	0.0	0.0	3232
2016.0	430185	44	38.0	13.609651	0.0	1.0	0.0	3245
2014.0	430187	38	26.0	9.060563	0.0	0.0	0.0	4194
2016.0	430187	48	38.0	11.425851	0.0	1.0	0.0	4212
2014.0	430190	121	83.0	9.161115	0.0	0.0	0.0	13208
2016.0	430190	160	101.0	12.062726	0.0	1.0	0.0	13316
2014.0	430192	10	9.0	5.073567	0.0	0.0	0.0	1971
2016.0	430192	6	5.0	3.0706244	0.0	1.0	0.0	1933
2014.0	430195	36	32.0	14.475271	0.0	0.0	0.0	2487
2016.0	430195	34	27.0	13.61634	0.0	1.0	0.0	2507
2014.0	430200	109	55.0	9.493119	0.0	0.0	0.0	11482
2016.0	430200	99	60.0	8.62144	0.0	1.0	0.0	11484
2014.0	430205	37	17.0	16.220955	0.0	0.0	0.0	2281
2016.0	430205	40	31.0	17.628912	0.0	1.0	0.0	2245
2014.0	430210	1614	1342.0	14.369786	0.0	0.0	0.0	112319
2016.0	430210	1483	1305.0	13.090646	0.0	1.0	0.0	114203
2014.0	430215	24	16.0	11.07011	0.0	0.0	0.0	2168
2016.0	430215	24	18.0	11.054813	0.0	1.0	0.0	2168
2014.0	430220	70	64.0	10.277493	0.0	0.0	0.0	6811
2016.0	430220	65	59.0	9.541985	0.0	1.0	0.0	6822
2014.0	430222	23	20.0	9.119746	0.0	0.0	0.0	2522
2016.0	430222	21	15.0	8.320127	0.0	1.0	0.0	2524
2014.0	430223	26	18.0	10.21611	0.0	0.0	0.0	2545
2016.0	430223	16	13.0	6.2524424	0.0	1.0	0.0	2569
2014.0	430225	26	22.0	9.090909	0.0	0.0	0.0	2860
2016.0	430225	21	17.0	7.3375263	0.0	1.0	0.0	2859
2014.0	430230	133	72.0	11.261642	0.0	0.0	0.0	11810
2016.0	430230	160	105.0	13.559322	0.0	1.0	0.0	11784
2014.0	430235	164	137.0	12.820513	0.0	0.0	0.0	12792
2016.0	430235	166	137.0	12.836375	0.0	1.0	0.0	13064
2014.0	430237	34	31.0	14.899211	0.0	0.0	0.0	2282
2016.0	430237	23	20.0	10.176991	0.0	1.0	0.0	2238
2014.0	430240	137	108.0	11.364579	0.0	0.0	0.0	12055
2016.0	430240	147	115.0	12.13973	0.0	1.0	0.0	12158
2014.0	430245	84	36.0	10.615443	0.0	0.0	0.0	7913
2016.0	430245	76	36.0	9.604448	0.0	1.0	0.0	7913
2014.0	430250	50	40.0	7.233796	0.0	0.0	0.0	6912
2016.0	430250	61	49.0	8.880478	0.0	1.0	0.0	6836
2014.0	430258	17	11.0	7.5690117	0.0	0.0	0.0	2246
2016.0	430258	27	20.0	12.075134	0.0	1.0	0.0	2233
2014.0	430260	34	22.0	9.16442	0.0	0.0	0.0	3710
2016.0	430260	34	25.0	9.21659	0.0	1.0	0.0	3667
2014.0	430265	45	35.0	9.131494	0.0	0.0	0.0	4928
2016.0	430265	41	31.0	8.27447	0.0	1.0	0.0	4975
2014.0	430270	313	205.0	14.789265	0.0	0.0	0.0	21164
2016.0	430270	269	193.0	12.693469	0.0	1.0	0.0	21220
2014.0	430280	398	258.0	11.481321	0.0	0.0	0.0	34665
2016.0	430280	382	307.0	11.023258	0.0	1.0	0.0	34644
2014.0	430290	104	70.0	7.5575905	0.0	0.0	0.0	13761
2016.0	430290	117	96.0	8.547633	0.0	1.0	0.0	13616
2014.0	430300	975	801.0	11.359797	0.0	0.0	0.0	85829
2016.0	430300	989	819.0	11.538775	0.0	1.0	0.0	85600
2014.0	430310	2106	1776.0	16.815176	0.0	0.0	0.0	125244
2016.0	430310	1933	1693.0	15.344802	0.0	1.0	0.0	126666
2014.0	430320	67	36.0	13.225425	0.0	0.0	0.0	5066
2016.0	430320	46	31.0	9.053336	0.0	1.0	0.0	5090
2014.0	430330	56	38.0	11.060636	0.0	0.0	0.0	5063
2016.0	430330	46	37.0	9.089113	0.0	1.0	0.0	5050
2014.0	430340	29	19.0	5.6574326	0.0	0.0	0.0	5126
2016.0	430340	24	15.0	4.6975923	0.0	1.0	0.0	5083
2014.0	430350	862	636.0	13.134438	0.0	0.0	0.0	65629
2016.0	430350	821	600.0	12.471139	0.0	1.0	0.0	66031
2014.0	430355	23	11.0	8.4964905	0.0	0.0	0.0	2707
2016.0	430355	26	24.0	9.558824	0.0	1.0	0.0	2726
2014.0	430360	66	40.0	9.844869	0.0	0.0	0.0	6704
2016.0	430360	64	48.0	9.556518	0.0	1.0	0.0	6687
2014.0	430367	24	17.0	7.094295	0.0	0.0	0.0	3383
2016.0	430367	22	16.0	6.485849	0.0	1.0	0.0	3400
2014.0	430370	47	44.0	7.6897907	0.0	0.0	0.0	6112
2016.0	430370	58	53.0	9.56149	0.0	1.0	0.0	6031
2014.0	430380	43	35.0	7.6079264	0.0	0.0	0.0	5652
2016.0	430380	54	46.0	9.560906	0.0	1.0	0.0	5645
2014.0	430390	845	691.0	13.250953	0.0	0.0	0.0	63769
2016.0	430390	851	749.0	13.262269	0.0	1.0	0.0	64553
2014.0	430400	88	59.0	16.497938	0.0	0.0	0.0	5334
2016.0	430400	78	66.0	14.781126	0.0	1.0	0.0	5217
2014.0	430410	32	26.0	9.0217085	0.0	0.0	0.0	3547
2016.0	430410	39	35.0	11.026294	0.0	1.0	0.0	3524
2014.0	430420	318	142.0	10.125776	0.0	0.0	0.0	31405
2016.0	430420	366	173.0	11.628277	0.0	1.0	0.0	31541
2014.0	430430	59	51.0	8.894919	0.0	0.0	0.0	6633
2016.0	430430	47	38.0	7.1158214	0.0	1.0	0.0	6587
2014.0	430435	133	95.0	14.356649	0.0	0.0	0.0	9264
2016.0	430435	130	101.0	13.955985	0.0	1.0	0.0	9362
2014.0	430440	676	535.0	16.073807	0.0	0.0	0.0	42056
2016.0	430440	622	516.0	14.666352	0.0	1.0	0.0	42746
2014.0	430450	574	394.0	10.31669	0.0	0.0	0.0	55638
2016.0	430450	522	384.0	9.354336	0.0	1.0	0.0	55956
2014.0	430460	5328	4070.0	15.671464	0.0	0.0	0.0	339981
2016.0	430460	5205	4110.0	15.248636	0.0	1.0	0.0	342634
2014.0	430461	12	11.0	6.553796	0.0	0.0	0.0	1831
2016.0	430461	4		2.1857924	0.0	1.0	0.0	1823
2014.0	430462	23	10.0	12.950451	0.0	0.0	0.0	1776
2016.0	430462	21	13.0	11.88455	0.0	1.0	0.0	1764
2014.0	430463	795	679.0	17.107075	0.0	0.0	0.0	46472
2016.0	430463	923	695.0	19.576653	0.0	1.0	0.0	47792
2014.0	430465	25	15.0	7.4493446	0.0	0.0	0.0	3356
2016.0	430465	42	35.0	12.4040165	0.0	1.0	0.0	3419
2014.0	430466	380	181.0	15.007306	0.0	0.0	0.0	25321
2016.0	430466	341	156.0	13.433659	0.0	1.0	0.0	25441
2014.0	430467	48	33.0	11.360947	0.0	0.0	0.0	4225
2016.0	430467	47	37.0	10.994152	0.0	1.0	0.0	4320
2014.0	430468	130	81.0	11.607142	0.0	0.0	0.0	11200
2016.0	430468	121	77.0	10.717449	0.0	1.0	0.0	11375
2014.0	430469	32	22.0	11.644833	0.0	0.0	0.0	2748
2016.0	430469	49	45.0	17.811705	0.0	1.0	0.0	2763
2014.0	430470	871	633.0	14.077223	0.0	0.0	0.0	61873
2016.0	430470	829	737.0	13.362993	0.0	1.0	0.0	62193
2014.0	430471	72	50.0	9.224855	0.0	0.0	0.0	7805
2016.0	430471	44	34.0	5.5944057	0.0	1.0	0.0	7918
2014.0	430480	319	276.0	11.692691	0.0	0.0	0.0	27282
2016.0	430480	342	322.0	12.407038	0.0	1.0	0.0	27835
2014.0	430485	8		5.044136	0.0	0.0	0.0	1586
2016.0	430485	10	9.0	6.35324	0.0	1.0	0.0	1560
2014.0	430490	93	79.0	10.317285	0.0	0.0	0.0	9014
2016.0	430490	92	82.0	10.176991	0.0	1.0	0.0	9059
2014.0	430495	36	24.0	11.4104595	0.0	0.0	0.0	3155
2016.0	430495	15	8.0	4.740834	0.0	1.0	0.0	3174
2014.0	430500	91	66.0	9.638809	0.0	0.0	0.0	9441
2016.0	430500	86	69.0	9.147963	0.0	1.0	0.0	9367
2014.0	430510	6421	4655.0	13.655223	0.0	0.0	0.0	470223
2016.0	430510	6076	5663.0	12.795566	0.0	1.0	0.0	479236
2014.0	430511	33	28.0	10.898283	0.0	0.0	0.0	3028
2016.0	430511	15	13.0	4.9554014	0.0	1.0	0.0	3021
2014.0	430512	61	34.0	9.381729	0.0	0.0	0.0	6502
2016.0	430512	39	24.0	6.0157332	0.0	1.0	0.0	6461
2014.0	430513	39	25.0	8.379889	0.0	0.0	0.0	4654
2016.0	430513	23	16.0	4.930332	0.0	1.0	0.0	4681
2014.0	430515	30	22.0	12.214984	0.0	0.0	0.0	2456
2016.0	430515	23	17.0	9.3839245	0.0	1.0	0.0	2443
2014.0	430517	119	73.0	10.682226	0.0	0.0	0.0	11140
2016.0	430517	128	75.0	11.360611	0.0	1.0	0.0	11377
2014.0	430520	150	102.0	10.770446	0.0	0.0	0.0	13927
2016.0	430520	141	117.0	10.091612	0.0	1.0	0.0	14024
2014.0	430530	69	57.0	7.170321	0.0	0.0	0.0	9623
2016.0	430530	77	67.0	8.010819	0.0	1.0	0.0	9605
2014.0	430535	432	352.0	11.384899	0.0	0.0	0.0	37945
2016.0	430535	379	308.0	9.899956	0.0	1.0	0.0	38599
2014.0	430537	33	12.0	9.377665	0.0	0.0	0.0	3519
2016.0	430537	15	6.0	4.280822	0.0	1.0	0.0	3493
2014.0	430540	46	36.0	11.271748	0.0	0.0	0.0	4081
2016.0	430540	48	47.0	11.811024	0.0	1.0	0.0	4043
2014.0	430543	58	38.0	9.177216	0.0	0.0	0.0	6320
2016.0	430543	38	34.0	5.968274	0.0	1.0	0.0	6413
2014.0	430544	67	32.0	12.798471	0.0	0.0	0.0	5235
2016.0	430544	50	27.0	9.494873	0.0	1.0	0.0	5292
2014.0	430545	174	111.0	12.35971	0.0	0.0	0.0	14078
2016.0	430545	176	130.0	12.307693	0.0	1.0	0.0	14511
2014.0	430550	47	30.0	9.373754	0.0	0.0	0.0	5014
2016.0	430550	39	31.0	7.8	0.0	1.0	0.0	4993
2014.0	430558	22	21.0	8.814102	0.0	0.0	0.0	2496
2016.0	430558	26	24.0	10.4	0.0	1.0	0.0	2499
2014.0	430560	24	20.0	6.7758327	0.0	0.0	0.0	3542
2016.0	430560	24	20.0	6.808511	0.0	1.0	0.0	3499
2014.0	430570	37	34.0	5.438777	0.0	0.0	0.0	6803
2016.0	430570	83	71.0	12.1683035	0.0	1.0	0.0	6826
2014.0	430580	115	81.0	11.401943	0.0	0.0	0.0	10086
2016.0	430580	113	78.0	11.19366	0.0	1.0	0.0	10101
2014.0	430583	9	8.0	5.732484	0.0	0.0	0.0	1570
2016.0	430583	7	3.0	4.4785666	0.0	1.0	0.0	1560
2014.0	430585	15	12.0	6.031363	0.0	0.0	0.0	2487
2016.0	430585	21	18.0	8.474576	0.0	1.0	0.0	2467
2014.0	430587	26	22.0	10.208088	0.0	0.0	0.0	2547
2016.0	430587	27	24.0	10.592389	0.0	1.0	0.0	2556
2014.0	430590	94	58.0	11.969948	0.0	0.0	0.0	7853
2016.0	430590	90	66.0	11.498658	0.0	1.0	0.0	7801
2014.0	430593	8	7.0	4.584527	0.0	0.0	0.0	1745
2016.0	430593	5	5.0	2.87687	0.0	1.0	0.0	1734
2014.0	430595	17	16.0	4.2362323	0.0	0.0	0.0	4013
2016.0	430595	28	26.0	6.9825435	0.0	1.0	0.0	4004
2014.0	430597	32	19.0	11.080333	0.0	0.0	0.0	2888
2016.0	430597	46	38.0	15.933495	0.0	1.0	0.0	2880
2014.0	430600	156	116.0	10.896898	0.0	0.0	0.0	14316
2016.0	430600	145	129.0	10.159041	0.0	1.0	0.0	14233
2014.0	430605	95	50.0	12.334458	0.0	0.0	0.0	7702
2016.0	430605	91	49.0	11.74042	0.0	1.0	0.0	7792
2014.0	430607	28	21.0	9.608786	0.0	0.0	0.0	2914
2016.0	430607	24	19.0	8.230453	0.0	1.0	0.0	2918
2014.0	430610	907	683.0	14.18362	0.0	0.0	0.0	63947
2016.0	430610	851	700.0	13.343159	0.0	1.0	0.0	63615
2014.0	430613	16	15.0	7.579346	0.0	0.0	0.0	2111
2016.0	430613	13	7.0	6.21118	0.0	1.0	0.0	2077
2014.0	430620	103	82.0	8.49835	0.0	0.0	0.0	12120
2016.0	430620	143	113.0	11.751171	0.0	1.0	0.0	12215
2014.0	430630	37	24.0	7.6525335	0.0	0.0	0.0	4835
2016.0	430630	50	47.0	10.326311	0.0	1.0	0.0	4842
2014.0	430632	19	16.0	5.978603	0.0	0.0	0.0	3178
2016.0	430632	26	22.0	8.264462	0.0	1.0	0.0	3125
2014.0	430635	22	18.0	7.7958894	0.0	0.0	0.0	2822
2016.0	430635	23	18.0	8.223096	0.0	1.0	0.0	2769
2014.0	430637	34	21.0	10.828026	0.0	0.0	0.0	3140
2016.0	430637	27		8.61244	0.0	1.0	0.0	3133
2014.0	430640	363	265.0	12.156324	0.0	0.0	0.0	29861
2016.0	430640	405	330.0	13.420817	0.0	1.0	0.0	30472
2014.0	430642	27	13.0	12.385321	0.0	0.0	0.0	2180
2016.0	430642	28	20.0	12.909175	0.0	1.0	0.0	2166
2014.0	430645	26	17.0	7.62687	0.0	0.0	0.0	3409
2016.0	430645	28	24.0	8.194323	0.0	1.0	0.0	3424
2014.0	430650	163	85.0	10.791843	0.0	0.0	0.0	15104
2016.0	430650	138	68.0	9.100501	0.0	1.0	0.0	15224
2014.0	430655	19	12.0	7.243614	0.0	0.0	0.0	2623
2016.0	430655	21	15.0	8.012209	0.0	1.0	0.0	2618
2014.0	430660	466	305.0	11.673639	0.0	0.0	0.0	39919
2016.0	430660	443	306.0	11.106654	0.0	1.0	0.0	39853
2014.0	430670	33	18.0	9.708738	0.0	0.0	0.0	3399
2016.0	430670	38	30.0	11.272619	0.0	1.0	0.0	3352
2014.0	430673	42	35.0	8.001524	0.0	0.0	0.0	5249
2016.0	430673	39	31.0	7.498558	0.0	1.0	0.0	5154
2014.0	430675	15	8.0	7.218479	0.0	0.0	0.0	2078
2016.0	430675	14	11.0	6.7372475	0.0	1.0	0.0	2074
2014.0	430676	593	451.0	15.870467	0.0	0.0	0.0	37365
2016.0	430676	578	432.0	15.293838	0.0	1.0	0.0	38199
2014.0	430680	274	209.0	12.597122	0.0	0.0	0.0	21751
2016.0	430680	264	216.0	12.063057	0.0	1.0	0.0	22009
2014.0	430690	268	165.0	10.449565	0.0	0.0	0.0	25647
2016.0	430690	296	206.0	11.506317	0.0	1.0	0.0	25801
2014.0	430692	21	10.0	14.736842	0.0	0.0	0.0	1425
2016.0	430692	25	12.0	17.934002	0.0	1.0	0.0	1367
2014.0	430693	100	79.0	11.026574	0.0	0.0	0.0	9069
2016.0	430693	100	83.0	11.061947	0.0	1.0	0.0	9008
2014.0	430695	40	26.0	12.953368	0.0	0.0	0.0	3088
2016.0	430695	30	25.0	9.765625	0.0	1.0	0.0	3052
2014.0	430697	55	31.0	17.956251	0.0	0.0	0.0	3063
2016.0	430697	41	25.0	13.389941	0.0	1.0	0.0	3065
2014.0	430700	1353	1125.0	13.296644	0.0	0.0	0.0	101755
2016.0	430700	1321	1200.0	12.9077015	0.0	1.0	0.0	102906
2014.0	430705	40	26.0	12.488293	0.0	0.0	0.0	3203
2016.0	430705	32	30.0	9.975062	0.0	1.0	0.0	3211
2014.0	430710	71	45.0	10.189438	0.0	0.0	0.0	6968
2016.0	430710	68	53.0	9.7519	0.0	1.0	0.0	6978
2014.0	430720	63	37.0	12.057416	0.0	0.0	0.0	5225
2016.0	430720	51	35.0	9.790747	0.0	1.0	0.0	5188
2014.0	430730	79	40.0	10.085536	0.0	0.0	0.0	7833
2016.0	430730	91	69.0	11.702675	0.0	1.0	0.0	7715
2014.0	430740	42	27.0	12.765958	0.0	0.0	0.0	3290
2016.0	430740	33	19.0	9.987893	0.0	1.0	0.0	3307
2014.0	430745	40	28.0	12.251148	0.0	0.0	0.0	3265
2016.0	430745	27	23.0	8.315368	0.0	1.0	0.0	3224
2014.0	430750	186	162.0	11.775879	0.0	0.0	0.0	15795
2016.0	430750	185	168.0	11.702935	0.0	1.0	0.0	15826
2014.0	430755	67	54.0	10.85196	0.0	0.0	0.0	6174
2016.0	430755	67	52.0	10.860755	0.0	1.0	0.0	6165
2014.0	430760	644	520.0	14.004567	0.0	0.0	0.0	45985
2016.0	430760	651	562.0	14.016579	0.0	1.0	0.0	46877
2014.0	430770	1071	845.0	12.77357	0.0	0.0	0.0	83845
2016.0	430770	1086	934.0	12.931497	0.0	1.0	0.0	84114
2014.0	430780	420	311.0	12.908381	0.0	0.0	0.0	32537
2016.0	430780	413	329.0	12.611842	0.0	1.0	0.0	32950
2014.0	430781	33	20.0	8.816458	0.0	0.0	0.0	3743
2016.0	430781	33	20.0	8.814102	0.0	1.0	0.0	3744
2014.0	430783	26	16.0	9.396459	0.0	0.0	0.0	2767
2016.0	430783	20	17.0	7.29927	0.0	1.0	0.0	2721
2014.0	430786	24	21.0	8.892182	0.0	0.0	0.0	2699
2016.0	430786	23	21.0	8.4964905	0.0	1.0	0.0	2716
2014.0	430790	906	671.0	13.318046	0.0	0.0	0.0	68028
2016.0	430790	811	722.0	11.828537	0.0	1.0	0.0	69066
2014.0	430800	52	34.0	7.5680394	0.0	0.0	0.0	6871
2016.0	430800	63	43.0	9.167637	0.0	1.0	0.0	6868
2014.0	430805	28	12.0	10.890704	0.0	0.0	0.0	2571
2016.0	430805	15	8.0	5.8731403	0.0	1.0	0.0	2538
2014.0	430807	63	37.0	15.570934	0.0	0.0	0.0	4046
2016.0	430807	61	51.0	14.899854	0.0	1.0	0.0	4148
2014.0	430810	159	115.0	12.16992	0.0	0.0	0.0	13065
2016.0	430810	151	133.0	11.4881315	0.0	1.0	0.0	13208
2014.0	430820	372	250.0	12.8395405	0.0	0.0	0.0	28973
2016.0	430820	350	320.0	11.987944	0.0	1.0	0.0	29405
2014.0	430825	7	3.0	3.494758	0.0	0.0	0.0	2003
2016.0	430825	17	11.0	8.538423	0.0	1.0	0.0	1972
2014.0	430830	124	65.0	11.358432	0.0	0.0	0.0	10917
2016.0	430830	97	65.0	8.908891	0.0	1.0	0.0	10861
2014.0	430840	56	43.0	7.86959	0.0	0.0	0.0	7116
2016.0	430840	73	60.0	10.288936	0.0	1.0	0.0	7074
2014.0	430843	17	11.0	6.716713	0.0	0.0	0.0	2531
2016.0	430843	22	19.0	8.699091	0.0	1.0	0.0	2523
2014.0	430845	55	40.0	11.871358	0.0	0.0	0.0	4633
2016.0	430845	49	44.0	10.6037655	0.0	1.0	0.0	4603
2014.0	430850	408	350.0	13.417521	0.0	0.0	0.0	30408
2016.0	430850	397	333.0	12.992538	0.0	1.0	0.0	30699
2014.0	430860	366	304.0	11.137145	0.0	0.0	0.0	32863
2016.0	430860	417	368.0	12.58678	0.0	1.0	0.0	33384
2014.0	430865	28	21.0	8.641975	0.0	0.0	0.0	3240
2016.0	430865	18	12.0	5.590062	0.0	1.0	0.0	3200
2014.0	430870	50	33.0	8.418925	0.0	0.0	0.0	5939
2016.0	430870	52	47.0	8.789722	0.0	1.0	0.0	5897
2014.0	430880	86	52.0	9.9066925	0.0	0.0	0.0	8681
2016.0	430880	82	64.0	9.461175	0.0	1.0	0.0	8668
2014.0	430885	22	11.0	12.850468	0.0	0.0	0.0	1712
2016.0	430885	34	28.0	19.859814	0.0	1.0	0.0	1708
2014.0	430890	187	151.0	11.23393	0.0	0.0	0.0	16646
2016.0	430890	210	180.0	12.6156435	0.0	1.0	0.0	16648
2014.0	430900	193	152.0	11.17739	0.0	0.0	0.0	17267
2016.0	430900	200	163.0	11.628583	0.0	1.0	0.0	17132
2014.0	430905	76	62.0	10.212309	0.0	0.0	0.0	7442
2016.0	430905	94	66.0	12.501662	0.0	1.0	0.0	7588
2014.0	430910	536	448.0	15.596357	0.0	0.0	0.0	34367
2016.0	430910	553	508.0	15.979888	0.0	1.0	0.0	34832
2014.0	430912	28	13.0	12.269938	0.0	0.0	0.0	2282
2016.0	430912	34	21.0	14.984574	0.0	1.0	0.0	2258
2014.0	430915	34	18.0	8.101025	0.0	0.0	0.0	4197
2016.0	430915	37	21.0	8.776091	0.0	1.0	0.0	4232
2014.0	430920	3588	2977.0	13.255015	0.0	0.0	0.0	270690
2016.0	430920	3590	3022.0	13.18607	0.0	1.0	0.0	273742
2014.0	430925	18	16.0	11.09741	0.0	0.0	0.0	1622
2016.0	430925	13	11.0	8.0545225	0.0	1.0	0.0	1606
2014.0	430930	1317	1102.0	13.321869	0.0	0.0	0.0	98860
2016.0	430930	1364	1161.0	13.774021	0.0	1.0	0.0	99186
2014.0	430940	307	267.0	12.615574	0.0	0.0	0.0	24335
2016.0	430940	312	283.0	12.729498	0.0	1.0	0.0	24677
2014.0	430950	80	58.0	9.770395	0.0	0.0	0.0	8188
2016.0	430950	89	66.0	10.924267	0.0	1.0	0.0	8114
2014.0	430955	43	34.0	9.429825	0.0	0.0	0.0	4560
2016.0	430955	63	51.0	13.719512	0.0	1.0	0.0	4630
2014.0	430957	35	21.0	11.430438	0.0	0.0	0.0	3062
2016.0	430957	39	25.0	12.724307	0.0	1.0	0.0	3067
2014.0	430960	221	196.0	11.524822	0.0	0.0	0.0	19176
2016.0	430960	217	203.0	11.2832775	0.0	1.0	0.0	19286
2014.0	430965	78	61.0	12.1193285	0.0	0.0	0.0	6436
2016.0	430965	85	63.0	13.117284	0.0	1.0	0.0	6521
2014.0	430970	38	29.0	7.5682135	0.0	0.0	0.0	5021
2016.0	430970	41	37.0	8.188536	0.0	1.0	0.0	4998
2014.0	430975	39	24.0	8.635961	0.0	0.0	0.0	4516
2016.0	430975	57	36.0	12.621789	0.0	1.0	0.0	4518
2014.0	430980	37	28.0	7.635163	0.0	0.0	0.0	4846
2016.0	430980	32	27.0	6.603384	0.0	1.0	0.0	4847
2014.0	430990	73	40.0	9.821068	0.0	0.0	0.0	7433
2016.0	430990	70	50.0	9.408602	0.0	1.0	0.0	7449
2014.0	430995	34	20.0	8.169149	0.0	0.0	0.0	4162
2016.0	430995	33	27.0	7.925072	0.0	1.0	0.0	4159
2014.0	431000	257	235.0	12.734751	0.0	0.0	0.0	20181
2016.0	431000	226	209.0	11.167111	0.0	1.0	0.0	20300
2014.0	431010	470	302.0	13.809314	0.0	0.0	0.0	34035
2016.0	431010	487	338.0	14.182951	0.0	1.0	0.0	34630
2014.0	431020	1107	885.0	13.40843	0.0	0.0	0.0	82560
2016.0	431020	1210	1031.0	14.607705	0.0	1.0	0.0	83089
2014.0	431030	34	17.0	8.068343	0.0	0.0	0.0	4214
2016.0	431030	46	38.0	10.928962	0.0	1.0	0.0	4205
2014.0	431033	283	213.0	14.381543	0.0	0.0	0.0	19678
2016.0	431033	276	218.0	13.8048315	0.0	1.0	0.0	20294
2014.0	431036	20	17.0	6.3694267	0.0	0.0	0.0	3140
2016.0	431036	16	15.0	5.0874405	0.0	1.0	0.0	3152
2014.0	431040	78	62.0	11.667913	0.0	0.0	0.0	6685
2016.0	431040	70	60.0	10.518407	0.0	1.0	0.0	6625
2014.0	431041	35	25.0	15.079707	0.0	0.0	0.0	2321
2016.0	431041	25	17.0	10.775862	0.0	1.0	0.0	2315
2014.0	431043	50	27.0	7.8431373	0.0	0.0	0.0	6375
2016.0	431043	58	46.0	9.048362	0.0	1.0	0.0	6448
2014.0	431046	17	15.0	8.555612	0.0	0.0	0.0	1987
2016.0	431046	14	14.0	7.0671377	0.0	1.0	0.0	1978
2014.0	431050	121	69.0	14.98452	0.0	0.0	0.0	8075
2016.0	431050	95	63.0	11.842433	0.0	1.0	0.0	7969
2014.0	431053	70	51.0	13.200075	0.0	0.0	0.0	5303
2016.0	431053	52	44.0	9.757928	0.0	1.0	0.0	5357
2014.0	431055	29	22.0	8.162116	0.0	0.0	0.0	3553
2016.0	431055	31	25.0	8.732394	0.0	1.0	0.0	3552
2014.0	431057	16	8.0	6.84053	0.0	0.0	0.0	2339
2016.0	431057	16	10.0	6.8935804	0.0	1.0	0.0	2309
2014.0	431060	530	394.0	13.544595	0.0	0.0	0.0	39130
2016.0	431060	561	486.0	14.35113	0.0	1.0	0.0	39049
2014.0	431065	30	27.0	11.489851	0.0	0.0	0.0	2611
2016.0	431065	33	24.0	12.67768	0.0	1.0	0.0	2592
2014.0	431070	38	24.0	9.382716	0.0	0.0	0.0	4050
2016.0	431070	29	28.0	7.2627096	0.0	1.0	0.0	3944
2014.0	431075	13		6.0493255	0.0	0.0	0.0	2149
2016.0	431075	13	10.0	6.0832944	0.0	1.0	0.0	2118
2014.0	431080	278	231.0	12.7869005	0.0	0.0	0.0	21741
2016.0	431080	285	262.0	12.94866	0.0	1.0	0.0	22270
2014.0	431085	41	25.0	9.917755	0.0	0.0	0.0	4134
2016.0	431085	27	22.0	6.561361	0.0	1.0	0.0	4099
2014.0	431087	22	11.0	8.352316	0.0	0.0	0.0	2634
2016.0	431087	15	14.0	5.6732225	0.0	1.0	0.0	2656
2014.0	431090	33	26.0	8.870968	0.0	0.0	0.0	3720
2016.0	431090	27	25.0	7.277628	0.0	1.0	0.0	3709
2014.0	431100	349	272.0	12.292195	0.0	0.0	0.0	28392
2016.0	431100	308	270.0	10.879932	0.0	1.0	0.0	28230
2014.0	431110	83	68.0	7.1367154	0.0	0.0	0.0	11630
2016.0	431110	71	63.0	6.126499	0.0	1.0	0.0	11551
2014.0	431112	50	27.0	12.004802	0.0	0.0	0.0	4165
2016.0	431112	55	41.0	13.288234	0.0	1.0	0.0	4110
2014.0	431113	30	16.0	8.196721	0.0	0.0	0.0	3660
2016.0	431113	29	18.0	7.9278293	0.0	1.0	0.0	3650
2014.0	431115	87	55.0	10.064785	0.0	0.0	0.0	8644
2016.0	431115	91	66.0	10.508083	0.0	1.0	0.0	8668
2014.0	431120	250	161.0	12.45268	0.0	0.0	0.0	20076
2016.0	431120	206	140.0	10.274314	0.0	1.0	0.0	20032
2014.0	431123	31	23.0	11.032028	0.0	0.0	0.0	2810
2016.0	431123	23	18.0	8.150249	0.0	1.0	0.0	2839
2014.0	431125	74	34.0	11.414469	0.0	0.0	0.0	6483
2016.0	431125	65	37.0	10.013865	0.0	1.0	0.0	6504
2014.0	431127	12	10.0	7.2727275	0.0	0.0	0.0	1650
2016.0	431127	28	28.0	16.969696	0.0	1.0	0.0	1649
2014.0	431130	347	178.0	12.209711	0.0	0.0	0.0	28420
2016.0	431130	394	253.0	13.858112	0.0	1.0	0.0	28443
2014.0	431140	1119	926.0	14.390802	0.0	0.0	0.0	77758
2016.0	431140	1161	1017.0	14.791693	0.0	1.0	0.0	79172
2014.0	431142	25	15.0	9.66744	0.0	0.0	0.0	2586
2016.0	431142	30	23.0	11.591963	0.0	1.0	0.0	2592
2014.0	431150	69	46.0	8.793169	0.0	0.0	0.0	7847
2016.0	431150	67	49.0	8.5535555	0.0	1.0	0.0	7820
2014.0	431160	68	46.0	11.744387	0.0	0.0	0.0	5790
2016.0	431160	61	46.0	10.601321	0.0	1.0	0.0	5718
2014.0	431162	92	54.0	16.361372	0.0	0.0	0.0	5623
2016.0	431162	81	67.0	14.27816	0.0	1.0	0.0	5719
2014.0	431164	8	6.0	4.708652	0.0	0.0	0.0	1699
2016.0	431164	11	10.0	6.455399	0.0	1.0	0.0	1707
2014.0	431170	55	33.0	9.729347	0.0	0.0	0.0	5653
2016.0	431170	60	48.0	10.623229	0.0	1.0	0.0	5645
2014.0	431171	37	23.0	7.6572847	0.0	0.0	0.0	4832
2016.0	431171	61	51.0	12.642487	0.0	1.0	0.0	4814
2014.0	431173	19		6.154843	0.0	0.0	0.0	3087
2016.0	431173	34	23.0	11.02107	0.0	1.0	0.0	3081
2014.0	431175	65	50.0	8.841131	0.0	0.0	0.0	7352
2016.0	431175	52	37.0	7.070982	0.0	1.0	0.0	7372
2014.0	431177	88	72.0	12.475191	0.0	0.0	0.0	7054
2016.0	431177	55	33.0	7.8125	0.0	1.0	0.0	7028
2014.0	431179	12	10.0	4.535147	0.0	0.0	0.0	2646
2016.0	431179	23	17.0	8.646617	0.0	1.0	0.0	2668
2014.0	431180	527	395.0	13.277569	0.0	0.0	0.0	39691
2016.0	431180	486	461.0	12.097677	0.0	1.0	0.0	40629
2014.0	431190	48	36.0	9.458128	0.0	0.0	0.0	5075
2016.0	431190	40	29.0	7.945967	0.0	1.0	0.0	4982
2014.0	431198	29	26.0	7.4168797	0.0	0.0	0.0	3910
2016.0	431198	39	29.0	9.948979	0.0	1.0	0.0	3926
2014.0	431200	18	12.0	8.089888	0.0	0.0	0.0	2225
2016.0	431200	11	7.0	4.9773755	0.0	1.0	0.0	2200
2014.0	431205	46	35.0	11.025887	0.0	0.0	0.0	4172
2016.0	431205	37	33.0	8.881421	0.0	1.0	0.0	4163
2014.0	431210	44	20.0	8.499131	0.0	0.0	0.0	5177
2016.0	431210	37	24.0	7.1719327	0.0	1.0	0.0	5141
2014.0	431213	35	24.0	13.661202	0.0	0.0	0.0	2562
2016.0	431213	36	27.0	14.007782	0.0	1.0	0.0	2571
2014.0	431215	56	50.0	13.464775	0.0	0.0	0.0	4159
2016.0	431215	34	30.0	8.093311	0.0	1.0	0.0	4240
2014.0	431217	22	15.0	12.195122	0.0	0.0	0.0	1804
2016.0	431217	22	18.0	12.229016	0.0	1.0	0.0	1789
2014.0	431220	36	21.0	7.343941	0.0	0.0	0.0	4902
2016.0	431220	31	23.0	6.372045	0.0	1.0	0.0	4834
2014.0	431225	114	66.0	14.273194	0.0	0.0	0.0	7987
2016.0	431225	102	68.0	12.737263	0.0	1.0	0.0	8035
2014.0	431230	56	43.0	11.226945	0.0	0.0	0.0	4988
2016.0	431230	67	57.0	13.453815	0.0	1.0	0.0	4978
2014.0	431235	13	11.0	8.327995	0.0	0.0	0.0	1561
2016.0	431235	11	11.0	7.073955	0.0	1.0	0.0	1551
2014.0	431237	34		10.523058	0.0	0.0	0.0	3231
2016.0	431237	45	35.0	13.918961	0.0	1.0	0.0	3243
2014.0	431238	17	12.0	6.2684364	0.0	0.0	0.0	2712
2016.0	431238	10	7.0	3.6968577	0.0	1.0	0.0	2696
2014.0	431240	910	723.0	14.476845	0.0	0.0	0.0	62859
2016.0	431240	928	739.0	14.679363	0.0	1.0	0.0	63551
2014.0	431242	35	28.0	11.965812	0.0	0.0	0.0	2925
2016.0	431242	22	20.0	7.472826	0.0	1.0	0.0	2968
2014.0	431244	23	21.0	7.1718116	0.0	0.0	0.0	3207
2016.0	431244	30	26.0	9.404388	0.0	1.0	0.0	3179
2014.0	431245	52	31.0	7.984032	0.0	0.0	0.0	6513
2016.0	431245	58	37.0	8.880723	0.0	1.0	0.0	6548
2014.0	431247	77	60.0	12.7188635	0.0	0.0	0.0	6054
2016.0	431247	58	49.0	9.506639	0.0	1.0	0.0	6143
2014.0	431250	122	82.0	9.62221	0.0	0.0	0.0	12679
2016.0	431250	137	97.0	10.772134	0.0	1.0	0.0	12758
2014.0	431260	49	33.0	9.835407	0.0	0.0	0.0	4982
2016.0	431260	49	41.0	9.819639	0.0	1.0	0.0	4998
2014.0	431261	39	28.0	12.48	0.0	0.0	0.0	3125
2016.0	431261	39	29.0	12.4481325	0.0	1.0	0.0	3147
2014.0	431262	22	15.0	11.646374	0.0	0.0	0.0	1889
2016.0	431262	34	19.0	17.951426	0.0	1.0	0.0	1899
2014.0	431265	222	198.0	13.141538	0.0	0.0	0.0	16893
2016.0	431265	239	209.0	14.062132	0.0	1.0	0.0	17094
2014.0	431267	18	13.0	10.238908	0.0	0.0	0.0	1758
2016.0	431267	15	11.0	8.527573	0.0	1.0	0.0	1754
2014.0	431270	174	122.0	14.118793	0.0	0.0	0.0	12324
2016.0	431270	181	135.0	14.71784	0.0	1.0	0.0	12270
2014.0	431275	39	25.0	11.463845	0.0	0.0	0.0	3402
2016.0	431275	34	33.0	9.909647	0.0	1.0	0.0	3457
2014.0	431280	54	50.0	12.442396	0.0	0.0	0.0	4340
2016.0	431280	72	67.0	16.412127	0.0	1.0	0.0	4429
2014.0	431290	85	67.0	9.028147	0.0	0.0	0.0	9415
2016.0	431290	84	75.0	8.861694	0.0	1.0	0.0	9540
2014.0	431295	21	17.0	10.659899	0.0	0.0	0.0	1970
2016.0	431295	18	17.0	9.211873	0.0	1.0	0.0	1942
2014.0	431300	36	22.0	10.853181	0.0	0.0	0.0	3317
2016.0	431300	15	13.0	4.5072117	0.0	1.0	0.0	3337
2014.0	431301	27	26.0	9.581264	0.0	0.0	0.0	2818
2016.0	431301	30	29.0	10.6723585	0.0	1.0	0.0	2810
2014.0	431303	53	41.0	10.6	0.0	0.0	0.0	5000
2016.0	431303	61	56.0	12.093576	0.0	1.0	0.0	5087
2014.0	431306	240	140.0	12.097994	0.0	0.0	0.0	19838
2016.0	431306	267	213.0	13.324683	0.0	1.0	0.0	20225
2014.0	431308	15	9.0	5.882353	0.0	0.0	0.0	2550
2016.0	431308	13	11.0	5.0761423	0.0	1.0	0.0	2563
2014.0	431310	69	54.0	10.492701	0.0	0.0	0.0	6576
2016.0	431310	64	51.0	9.713159	0.0	1.0	0.0	6597
2014.0	431320	245	208.0	12.084443	0.0	0.0	0.0	20274
2016.0	431320	250	226.0	12.246497	0.0	1.0	0.0	20549
2014.0	431330	323	268.0	13.03418	0.0	0.0	0.0	24781
2016.0	431330	348	308.0	13.88778	0.0	1.0	0.0	25315
2014.0	431333	18	12.0	7.352941	0.0	0.0	0.0	2448
2016.0	431333	20	15.0	8.193363	0.0	1.0	0.0	2428
2014.0	431335	28		7.8984485	0.0	0.0	0.0	3545
2016.0	431335	24	22.0	6.741573	0.0	1.0	0.0	3584
2014.0	431337	381	278.0	15.0628605	0.0	0.0	0.0	25294
2016.0	431337	401	295.0	15.601292	0.0	1.0	0.0	26086
2014.0	431339	42	30.0	10.324484	0.0	0.0	0.0	4068
2016.0	431339	32	26.0	7.833537	0.0	1.0	0.0	4107
2014.0	431340	3206	2324.0	12.914349	0.0	0.0	0.0	248251
2016.0	431340	3164	2416.0	12.722513	0.0	1.0	0.0	249113
2014.0	431342	21	13.0	5.431971	0.0	0.0	0.0	3866
2016.0	431342	21	19.0	5.480167	0.0	1.0	0.0	3791
2014.0	431344	24	21.0	10.29601	0.0	0.0	0.0	2331
2016.0	431344	27	20.0	11.622901	0.0	1.0	0.0	2316
2014.0	431346	20	16.0	11.142061	0.0	0.0	0.0	1795
2016.0	431346	15	15.0	8.365868	0.0	1.0	0.0	1793
2014.0	431349	53	44.0	12.774162	0.0	0.0	0.0	4149
2016.0	431349	38	30.0	9.12584	0.0	1.0	0.0	4171
2014.0	431350	593	470.0	13.605286	0.0	0.0	0.0	43586
2016.0	431350	675	568.0	15.377605	0.0	1.0	0.0	44190
2014.0	431360	32	18.0	7.5276403	0.0	0.0	0.0	4251
2016.0	431360	29	22.0	6.87041	0.0	1.0	0.0	4196
2014.0	431365	135	101.0	11.849381	0.0	0.0	0.0	11393
2016.0	431365	156	120.0	13.669821	0.0	1.0	0.0	11431
2014.0	431370	487	342.0	13.895626	0.0	0.0	0.0	35047
2016.0	431370	483	371.0	13.8110485	0.0	1.0	0.0	34907
2014.0	431380	93	76.0	12.9852	0.0	0.0	0.0	7162
2016.0	431380	95	77.0	13.251499	0.0	1.0	0.0	7177
2014.0	431390	582	504.0	14.2615595	0.0	0.0	0.0	40809
2016.0	431390	622	576.0	15.117269	0.0	1.0	0.0	41473
2014.0	431395	101	74.0	10.118213	0.0	0.0	0.0	9982
2016.0	431395	107	89.0	10.774343	0.0	1.0	0.0	9887
2014.0	431400	67	61.0	9.23501	0.0	0.0	0.0	7255
2016.0	431400	108	97.0	14.766202	0.0	1.0	0.0	7357
2014.0	431402	58	44.0	7.6035657	0.0	0.0	0.0	7628
2016.0	431402	80	59.0	10.464355	0.0	1.0	0.0	7662
2014.0	431403	48	39.0	12.948476	0.0	0.0	0.0	3707
2016.0	431403	42	40.0	11.266094	0.0	1.0	0.0	3743
2014.0	431405	794	578.0	14.422204	0.0	0.0	0.0	55054
2016.0	431405	762	589.0	13.732946	0.0	1.0	0.0	55893
2014.0	431406	44	19.0	8.063038	0.0	0.0	0.0	5457
2016.0	431406	28	18.0	5.100182	0.0	1.0	0.0	5523
2014.0	431407	44	42.0	6.940063	0.0	0.0	0.0	6340
2016.0	431407	58	51.0	9.09804	0.0	1.0	0.0	6402
2014.0	431410	2919	2106.0	14.92194	0.0	0.0	0.0	195618
2016.0	431410	2876	2487.0	14.618203	0.0	1.0	0.0	197798
2014.0	431413	14	9.0	6.118881	0.0	0.0	0.0	2288
2016.0	431413	18	14.0	7.832898	0.0	1.0	0.0	2302
2014.0	431415	81	59.0	9.626812	0.0	0.0	0.0	8414
2016.0	431415	71	56.0	8.416311	0.0	1.0	0.0	8461
2014.0	431417	10	7.0	4.524887	0.0	0.0	0.0	2210
2016.0	431417	28	20.0	12.738853	0.0	1.0	0.0	2181
2014.0	431420	95	47.0	11.848341	0.0	0.0	0.0	8018
2016.0	431420	95	42.0	11.861655	0.0	1.0	0.0	8005
2014.0	431430	30	20.0	7.392804	0.0	0.0	0.0	4058
2016.0	431430	29	24.0	7.1516647	0.0	1.0	0.0	4049
2014.0	431440	4353	2726.0	12.726098	0.0	0.0	0.0	342053
2016.0	431440	4259	2749.0	12.421654	0.0	1.0	0.0	343651
2014.0	431442	56	47.0	10.181818	0.0	0.0	0.0	5500
2016.0	431442	48	43.0	8.675221	0.0	1.0	0.0	5564
2014.0	431445	28	17.0	10.756819	0.0	0.0	0.0	2603
2016.0	431445	11	8.0	4.2226486	0.0	1.0	0.0	2613
2014.0	431446	24	14.0	11.230698	0.0	0.0	0.0	2137
2016.0	431446	18	16.0	8.466604	0.0	1.0	0.0	2115
2014.0	431447	41	19.0	8.979413	0.0	0.0	0.0	4566
2016.0	431447	47	30.0	10.3092785	0.0	1.0	0.0	4552
2014.0	431449	44	25.0	9.272919	0.0	0.0	0.0	4745
2016.0	431449	52	43.0	10.931259	0.0	1.0	0.0	4783
2014.0	431450	109	73.0	8.378171	0.0	0.0	0.0	13010
2016.0	431450	113	83.0	8.709727	0.0	1.0	0.0	12944
2014.0	431454	23	18.0	8.214286	0.0	0.0	0.0	2800
2016.0	431454	25	18.0	8.849558	0.0	1.0	0.0	2847
2014.0	431455	22	18.0	8.121078	0.0	0.0	0.0	2709
2016.0	431455	17	13.0	6.3432837	0.0	1.0	0.0	2651
2014.0	431460	184	118.0	8.903513	0.0	0.0	0.0	20666
2016.0	431460	181	133.0	8.738051	0.0	1.0	0.0	20757
2014.0	431470	130	96.0	12.141589	0.0	0.0	0.0	10707
2016.0	431470	122	96.0	11.423221	0.0	1.0	0.0	10650
2014.0	431475	22	18.0	10.476191	0.0	0.0	0.0	2100
2016.0	431475	22	19.0	10.441386	0.0	1.0	0.0	2108
2014.0	431477	35	20.0	8.782936	0.0	0.0	0.0	3985
2016.0	431477	43	40.0	10.785051	0.0	1.0	0.0	3988
2014.0	431478	11	9.0	6.3073397	0.0	0.0	0.0	1744
2016.0	431478	14	11.0	8.106544	0.0	1.0	0.0	1717
2014.0	431480	430	302.0	12.792669	0.0	0.0	0.0	33613
2016.0	431480	400	291.0	11.765398	0.0	1.0	0.0	34353
2014.0	431490	19189	15646.0	13.031747	0.0	0.0	0.0	1472481
2016.0	431490	18635	15572.0	12.617935	0.0	1.0	0.0	1481019
2014.0	431500	37	37.0	6.8991237	0.0	0.0	0.0	5363
2016.0	431500	29	25.0	5.4603653	0.0	1.0	0.0	5269
2014.0	431505	18	14.0	7.0120764	0.0	0.0	0.0	2567
2016.0	431505	21	19.0	8.22884	0.0	1.0	0.0	2546
2014.0	431507	11	10.0	6.2358274	0.0	0.0	0.0	1764
2016.0	431507	12	10.0	6.932409	0.0	1.0	0.0	1704
2014.0	431510	141	111.0	13.079778	0.0	0.0	0.0	10780
2016.0	431510	115	90.0	10.686739	0.0	1.0	0.0	10737
2014.0	431513	14	7.0	7.5067024	0.0	0.0	0.0	1865
2016.0	431513	15	10.0	8.130081	0.0	1.0	0.0	1832
2014.0	431514	28	24.0	10.455564	0.0	0.0	0.0	2678
2016.0	431514	36	33.0	13.303769	0.0	1.0	0.0	2729
2014.0	431515	45	31.0	7.0710244	0.0	0.0	0.0	6364
2016.0	431515	48	39.0	7.5388722	0.0	1.0	0.0	6376
2014.0	431517	12	8.0	5.8708415	0.0	0.0	0.0	2044
2016.0	431517	18	17.0	8.806262	0.0	1.0	0.0	2037
2014.0	431520	34	18.0	8.097166	0.0	0.0	0.0	4199
2016.0	431520	32	24.0	7.646356	0.0	1.0	0.0	4172
2014.0	431530	306	216.0	12.960609	0.0	0.0	0.0	23610
2016.0	431530	268	209.0	11.365082	0.0	1.0	0.0	23555
2014.0	431531	21	14.0	11.388287	0.0	0.0	0.0	1844
2016.0	431531	10	8.0	5.4259357	0.0	1.0	0.0	1852
2014.0	431532	19	12.0	6.7591605	0.0	0.0	0.0	2811
2016.0	431532	14	9.0	4.973357	0.0	1.0	0.0	2820
2014.0	431535	38	34.0	9.992111	0.0	0.0	0.0	3803
2016.0	431535	46	43.0	12.063992	0.0	1.0	0.0	3819
2014.0	431540	212	91.0	19.383743	0.0	0.0	0.0	10937
2016.0	431540	156	98.0	14.147094	0.0	1.0	0.0	11108
2014.0	431545	12	6.0	5.449591	0.0	0.0	0.0	2202
2016.0	431545	9	8.0	4.100228	0.0	1.0	0.0	2191
2014.0	431550	165	112.0	10.095448	0.0	0.0	0.0	16344
2016.0	431550	199	150.0	12.18243	0.0	1.0	0.0	16324
2014.0	431555	28	17.0	8.057554	0.0	0.0	0.0	3475
2016.0	431555	33	24.0	9.660421	0.0	1.0	0.0	3366
2014.0	431560	2960	2056.0	14.2968235	0.0	0.0	0.0	207039
2016.0	431560	2848	2268.0	13.701662	0.0	1.0	0.0	208641
2014.0	431570	409	332.0	10.514679	0.0	0.0	0.0	38898
2016.0	431570	451	347.0	11.583408	0.0	1.0	0.0	38968
2014.0	431575	43	27.0	9.446397	0.0	0.0	0.0	4552
2016.0	431575	39	25.0	8.526454	0.0	1.0	0.0	4590
2014.0	431580	104	75.0	9.531665	0.0	0.0	0.0	10911
2016.0	431580	127	99.0	11.572808	0.0	1.0	0.0	11040
2014.0	431590	73	60.0	12.27097	0.0	0.0	0.0	5949
2016.0	431590	76	65.0	12.764528	0.0	1.0	0.0	5961
2014.0	431595	18	12.0	7.0394993	0.0	0.0	0.0	2557
2016.0	431595	17	13.0	6.6850176	0.0	1.0	0.0	2528
2014.0	431600	276	177.0	13.395457	0.0	0.0	0.0	20604
2016.0	431600	244	170.0	11.782886	0.0	1.0	0.0	20819
2014.0	431610	104	72.0	9.776274	0.0	0.0	0.0	10638
2016.0	431610	97	70.0	9.104562	0.0	1.0	0.0	10675
2014.0	431620	60	54.0	10.779734	0.0	0.0	0.0	5566
2016.0	431620	44	37.0	7.9350767	0.0	1.0	0.0	5520
2014.0	431630	56	38.0	7.6586432	0.0	0.0	0.0	7312
2016.0	431630	69	58.0	9.468917	0.0	1.0	0.0	7267
2014.0	431640	400	292.0	9.805123	0.0	0.0	0.0	40795
2016.0	431640	449	371.0	11.011649	0.0	1.0	0.0	40750
2014.0	431642	27	21.0	10.085917	0.0	0.0	0.0	2677
2016.0	431642	23	15.0	8.594918	0.0	1.0	0.0	2676
2014.0	431643	27	15.0	9.339329	0.0	0.0	0.0	2891
2016.0	431643	33	33.0	11.458333	0.0	1.0	0.0	2862
2014.0	431645	149	71.0	12.0161295	0.0	0.0	0.0	12400
2016.0	431645	154	116.0	12.38938	0.0	1.0	0.0	12460
2014.0	431647	19	15.0	6.8666425	0.0	0.0	0.0	2767
2016.0	431647	29	27.0	10.480665	0.0	1.0	0.0	2773
2014.0	431650	67	50.0	9.243929	0.0	0.0	0.0	7248
2016.0	431650	89	69.0	12.163455	0.0	1.0	0.0	7377
2014.0	431660	164	134.0	10.192666	0.0	0.0	0.0	16090
2016.0	431660	173	157.0	10.719376	0.0	1.0	0.0	16189
2014.0	431670	116	66.0	13.116237	0.0	0.0	0.0	8844
2016.0	431670	90	76.0	10.236579	0.0	1.0	0.0	8742
2014.0	431673	21	14.0	12.323944	0.0	0.0	0.0	1704
2016.0	431673	11	9.0	6.4782095	0.0	1.0	0.0	1696
2014.0	431675	55	45.0	8.981058	0.0	0.0	0.0	6124
2016.0	431675	65	51.0	10.516098	0.0	1.0	0.0	6235
2014.0	431680	1632	1360.0	13.019338	0.0	0.0	0.0	125352
2016.0	431680	1641	1429.0	13.015339	0.0	1.0	0.0	126775
2014.0	431690	3406	2718.0	12.3928	0.0	0.0	0.0	274837
2016.0	431690	3518	2887.0	12.741575	0.0	1.0	0.0	277309
2014.0	431695	84	56.0	13.310094	0.0	0.0	0.0	6311
2016.0	431695	50	35.0	7.9013906	0.0	1.0	0.0	6344
2014.0	431697	25	16.0	10.060362	0.0	0.0	0.0	2485
2016.0	431697	23	16.0	9.225832	0.0	1.0	0.0	2507
2014.0	431700	68	37.0	8.052102	0.0	0.0	0.0	8445
2016.0	431700	53	38.0	6.2855787	0.0	1.0	0.0	8424
2014.0	431710	1126	856.0	13.513514	0.0	0.0	0.0	83324
2016.0	431710	1189	1020.0	14.32979	0.0	1.0	0.0	82631
2014.0	431720	973	752.0	13.521213	0.0	0.0	0.0	71961
2016.0	431720	998	916.0	13.815061	0.0	1.0	0.0	72504
2014.0	431725	8	6.0	4.4918585	0.0	0.0	0.0	1781
2016.0	431725	12	11.0	6.7377877	0.0	1.0	0.0	1780
2014.0	431730	399	270.0	12.656622	0.0	0.0	0.0	31525
2016.0	431730	402	323.0	12.787887	0.0	1.0	0.0	31352
2014.0	431740	551	444.0	10.885671	0.0	0.0	0.0	50617
2016.0	431740	627	572.0	12.383718	0.0	1.0	0.0	50647
2014.0	431750	1019	810.0	12.9136095	0.0	0.0	0.0	78909
2016.0	431750	1030	877.0	13.042267	0.0	1.0	0.0	79040
2014.0	431755	12	10.0	5.464481	0.0	0.0	0.0	2196
2016.0	431755	16	16.0	7.269423	0.0	1.0	0.0	2197
2014.0	431760	449	340.0	10.746511	0.0	0.0	0.0	41781
2016.0	431760	471	367.0	11.220697	0.0	1.0	0.0	42160
2014.0	431770	103	72.0	9.161256	0.0	0.0	0.0	11243
2016.0	431770	98	72.0	8.77036	0.0	1.0	0.0	11111
2014.0	431775	15	11.0	7.3028235	0.0	0.0	0.0	2054
2016.0	431775	14	13.0	6.8060284	0.0	1.0	0.0	2058
2014.0	431780	198	133.0	13.790221	0.0	0.0	0.0	14358
2016.0	431780	196	173.0	13.658537	0.0	1.0	0.0	14341
2014.0	431790	161	156.0	10.904165	0.0	0.0	0.0	14765
2016.0	431790	128	111.0	8.673262	0.0	1.0	0.0	14747
2014.0	431795	28	21.0	11.226945	0.0	0.0	0.0	2494
2016.0	431795	24	23.0	9.661836	0.0	1.0	0.0	2476
2014.0	431800	735	496.0	11.650948	0.0	0.0	0.0	63085
2016.0	431800	807	645.0	12.812167	0.0	1.0	0.0	62897
2014.0	431805	23	15.0	7.518797	0.0	0.0	0.0	3059
2016.0	431805	22	18.0	7.182501	0.0	1.0	0.0	3073
2014.0	431810	215	155.0	10.994068	0.0	0.0	0.0	19556
2016.0	431810	174	142.0	8.925365	0.0	1.0	0.0	19437
2014.0	431820	261	148.0	12.148576	0.0	0.0	0.0	21484
2016.0	431820	294	194.0	13.643325	0.0	1.0	0.0	21617
2014.0	431830	765	518.0	12.202514	0.0	0.0	0.0	62692
2016.0	431830	832	623.0	13.251995	0.0	1.0	0.0	62874
2014.0	431840	288	204.0	12.307693	0.0	0.0	0.0	23400
2016.0	431840	264	202.0	11.220197	0.0	1.0	0.0	23649
2014.0	431842	42	38.0	8.66158	0.0	0.0	0.0	4849
2016.0	431842	41	35.0	8.467575	0.0	1.0	0.0	4836
2014.0	431843	31	21.0	11.684885	0.0	0.0	0.0	2653
2016.0	431843	23	13.0	8.679245	0.0	1.0	0.0	2649
2014.0	431844	26	22.0	9.119607	0.0	0.0	0.0	2851
2016.0	431844	18	15.0	6.322445	0.0	1.0	0.0	2844
2014.0	431845	22	10.0	8.020415	0.0	0.0	0.0	2743
2016.0	431845	22	19.0	8.037998	0.0	1.0	0.0	2725
2014.0	431846	22	15.0	10.0	0.0	0.0	0.0	2200
2016.0	431846	17	12.0	7.7874484	0.0	1.0	0.0	2172
2014.0	431848	41	30.0	9.280217	0.0	0.0	0.0	4418
2016.0	431848	35	33.0	7.844016	0.0	1.0	0.0	4504
2014.0	431849	24	20.0	10.77683	0.0	0.0	0.0	2227
2016.0	431849	19	18.0	8.554705	0.0	1.0	0.0	2212
2014.0	431850	290	154.0	10.800343	0.0	0.0	0.0	26851
2016.0	431850	312	228.0	11.565836	0.0	1.0	0.0	27095
2014.0	431860	71	53.0	9.976113	0.0	0.0	0.0	7117
2016.0	431860	58	48.0	8.154084	0.0	1.0	0.0	7117
2014.0	431861	18	16.0	8.032128	0.0	0.0	0.0	2241
2016.0	431861	31	25.0	13.69863	0.0	1.0	0.0	2279
2014.0	431862	42	26.0	12.173913	0.0	0.0	0.0	3450
2016.0	431862	54	38.0	15.552996	0.0	1.0	0.0	3483
2014.0	431870	3063	2189.0	13.493986	0.0	0.0	0.0	226990
2016.0	431870	2869	2243.0	12.563056	0.0	1.0	0.0	229678
2014.0	431880	483	326.0	10.848082	0.0	0.0	0.0	44524
2016.0	431880	449	327.0	10.079921	0.0	1.0	0.0	44561
2014.0	431890	416	317.0	11.79573	0.0	0.0	0.0	35267
2016.0	431890	483	377.0	13.72354	0.0	1.0	0.0	35123
2014.0	431900	238	143.0	11.271607	0.0	0.0	0.0	21115
2016.0	431900	227	201.0	10.706537	0.0	1.0	0.0	21286
2014.0	431910	46	35.0	7.8672824	0.0	0.0	0.0	5847
2016.0	431910	67	61.0	11.508073	0.0	1.0	0.0	5799
2014.0	431912	31	21.0	9.371222	0.0	0.0	0.0	3308
2016.0	431912	36	25.0	10.879419	0.0	1.0	0.0	3308
2014.0	431915	89	64.0	11.53896	0.0	0.0	0.0	7713
2016.0	431915	72	53.0	9.317976	0.0	1.0	0.0	7742
2014.0	431920	47	37.0	8.152645	0.0	0.0	0.0	5765
2016.0	431920	57	38.0	9.944173	0.0	1.0	0.0	5704
2014.0	431930	47	35.0	7.369081	0.0	0.0	0.0	6378
2016.0	431930	49	39.0	7.720183	0.0	1.0	0.0	6313
2014.0	431935	38	30.0	10.710259	0.0	0.0	0.0	3548
2016.0	431935	42	35.0	11.712214	0.0	1.0	0.0	3612
2014.0	431936	24	17.0	12.145749	0.0	0.0	0.0	1976
2016.0	431936	28	21.0	14.127144	0.0	1.0	0.0	1991
2014.0	431937	34	29.0	11.405569	0.0	0.0	0.0	2981
2016.0	431937	20	17.0	6.695681	0.0	1.0	0.0	2987
2014.0	431940	153	97.0	9.107142	0.0	0.0	0.0	16800
2016.0	431940	162	129.0	9.651475	0.0	1.0	0.0	16775
2014.0	431950	353	236.0	14.396411	0.0	0.0	0.0	24520
2016.0	431950	341	255.0	13.820215	0.0	1.0	0.0	24825
2014.0	431960	243	192.0	9.93987	0.0	0.0	0.0	24447
2016.0	431960	218	153.0	8.9238205	0.0	1.0	0.0	24418
2014.0	431970	38	29.0	10.433827	0.0	0.0	0.0	3642
2016.0	431970	40	27.0	11.058888	0.0	1.0	0.0	3600
2014.0	431971	20	12.0	8.892841	0.0	0.0	0.0	2249
2016.0	431971	18	18.0	7.9681277	0.0	1.0	0.0	2261
2014.0	431973	30	12.0	10.905126	0.0	0.0	0.0	2751
2016.0	431973	36	16.0	13.076644	0.0	1.0	0.0	2756
2014.0	431975	21	19.0	9.9620495	0.0	0.0	0.0	2108
2016.0	431975	20	18.0	9.425071	0.0	1.0	0.0	2140
2014.0	431980	91	58.0	10.377466	0.0	0.0	0.0	8769
2016.0	431980	99	78.0	11.267926	0.0	1.0	0.0	8802
2014.0	431990	1199	680.0	15.148069	0.0	0.0	0.0	79152
2016.0	431990	1148	948.0	14.429361	0.0	1.0	0.0	79946
2014.0	432000	2012	1630.0	14.605959	0.0	0.0	0.0	137752
2016.0	432000	1910	1539.0	13.804867	0.0	1.0	0.0	138933
2014.0	432010	277	227.0	12.127846	0.0	0.0	0.0	22840
2016.0	432010	272	219.0	11.807093	0.0	1.0	0.0	23222
2014.0	432020	166	100.0	14.861236	0.0	0.0	0.0	11170
2016.0	432020	150	112.0	13.437248	0.0	1.0	0.0	11154
2014.0	432023	31	21.0	10.107597	0.0	0.0	0.0	3067
2016.0	432023	27	26.0	8.814887	0.0	1.0	0.0	3057
2014.0	432026	58	34.0	7.8761544	0.0	0.0	0.0	7364
2016.0	432026	84	54.0	11.372868	0.0	1.0	0.0	7409
2014.0	432030	56	31.0	10.924698	0.0	0.0	0.0	5126
2016.0	432030	57	49.0	11.098131	0.0	1.0	0.0	5143
2014.0	432032	37	29.0	12.811634	0.0	0.0	0.0	2888
2016.0	432032	27	23.0	9.358752	0.0	1.0	0.0	2882
2014.0	432035	54	36.0	9.879253	0.0	0.0	0.0	5466
2016.0	432035	51	35.0	9.301477	0.0	1.0	0.0	5507
2014.0	432040	186	131.0	11.913913	0.0	0.0	0.0	15612
2016.0	432040	213	189.0	13.470781	0.0	1.0	0.0	16004
2014.0	432045	13	7.0	5.764967	0.0	0.0	0.0	2255
2016.0	432045	19	10.0	8.497316	0.0	1.0	0.0	2216
2014.0	432050	47	31.0	7.550201	0.0	0.0	0.0	6225
2016.0	432050	54	47.0	8.759124	0.0	1.0	0.0	6116
2014.0	432055	56	37.0	9.026435	0.0	0.0	0.0	6204
2016.0	432055	51	34.0	8.165226	0.0	1.0	0.0	6282
2014.0	432057	19	11.0	8.874358	0.0	0.0	0.0	2141
2016.0	432057	18	17.0	8.438819	0.0	1.0	0.0	2123
2014.0	432060	27	23.0	6.9177556	0.0	0.0	0.0	3903
2016.0	432060	38	32.0	9.78121	0.0	1.0	0.0	3879
2014.0	432065	20	18.0	8.028904	0.0	0.0	0.0	2491
2016.0	432065	27	25.0	10.860821	0.0	1.0	0.0	2484
2014.0	432067	95	48.0	9.136373	0.0	0.0	0.0	10398
2016.0	432067	88	58.0	8.459911	0.0	1.0	0.0	10404
2014.0	432070	191	122.0	12.816212	0.0	0.0	0.0	14903
2016.0	432070	171	129.0	11.443485	0.0	1.0	0.0	14982
2014.0	432080	387	286.0	12.401462	0.0	0.0	0.0	31206
2016.0	432080	391	306.0	12.5079975	0.0	1.0	0.0	31313
2014.0	432085	45	36.0	10.167193	0.0	0.0	0.0	4426
2016.0	432085	56	44.0	12.5616865	0.0	1.0	0.0	4494
2014.0	432090	287	239.0	13.524339	0.0	0.0	0.0	21221
2016.0	432090	321	278.0	14.912199	0.0	1.0	0.0	21809
2014.0	432100	124	95.0	11.484672	0.0	0.0	0.0	10797
2016.0	432100	139	118.0	12.869179	0.0	1.0	0.0	10809
2014.0	432110	183	119.0	10.569481	0.0	0.0	0.0	17314
2016.0	432110	182	124.0	10.486892	0.0	1.0	0.0	17390
2014.0	432120	723	515.0	12.668875	0.0	0.0	0.0	57069
2016.0	432120	686	497.0	11.9850445	0.0	1.0	0.0	57396
2014.0	432130	357	234.0	13.182674	0.0	0.0	0.0	27081
2016.0	432130	322	255.0	11.869655	0.0	1.0	0.0	27168
2014.0	432132	30	23.0	9.737099	0.0	0.0	0.0	3081
2016.0	432132	34	26.0	11.006799	0.0	1.0	0.0	3096
2014.0	432135	36	28.0	6.494678	0.0	0.0	0.0	5543
2016.0	432135	37	31.0	6.664265	0.0	1.0	0.0	5561
2014.0	432140	200	148.0	14.229812	0.0	0.0	0.0	14055
2016.0	432140	192	144.0	13.68106	0.0	1.0	0.0	14023
2014.0	432143	96	81.0	9.098663	0.0	0.0	0.0	10551
2016.0	432143	114	79.0	10.719323	0.0	1.0	0.0	10711
2014.0	432145	396	340.0	13.286362	0.0	0.0	0.0	29805
2016.0	432145	370	312.0	12.263838	0.0	1.0	0.0	30518
2014.0	432146	35	29.0	12.08981	0.0	0.0	0.0	2895
2016.0	432146	39	37.0	13.383665	0.0	1.0	0.0	2930
2014.0	432147	51	39.0	7.9266396	0.0	0.0	0.0	6434
2016.0	432147	48	41.0	7.5258703	0.0	1.0	0.0	6338
2014.0	432149	23	19.0	7.6845975	0.0	0.0	0.0	2993
2016.0	432149	18	14.0	6.0240965	0.0	1.0	0.0	2978
2014.0	432150	514	411.0	13.94579	0.0	0.0	0.0	36857
2016.0	432150	590	513.0	15.901251	0.0	1.0	0.0	37342
2014.0	432160	819	576.0	17.906727	0.0	0.0	0.0	45737
2016.0	432160	813	576.0	17.532509	0.0	1.0	0.0	46962
2014.0	432162	15	10.0	6.270903	0.0	0.0	0.0	2392
2016.0	432162	19	16.0	7.9398246	0.0	1.0	0.0	2390
2014.0	432163	12	8.0	4.1536865	0.0	0.0	0.0	2889
2016.0	432163	14	14.0	4.87635	0.0	1.0	0.0	2862
2014.0	432166	123	103.0	11.431227	0.0	0.0	0.0	10760
2016.0	432166	127	111.0	11.749468	0.0	1.0	0.0	10859
2014.0	432170	326	176.0	12.624893	0.0	0.0	0.0	25822
2016.0	432170	313	239.0	11.996934	0.0	1.0	0.0	26348
2014.0	432180	290	244.0	11.8468895	0.0	0.0	0.0	24479
2016.0	432180	296	265.0	12.089528	0.0	1.0	0.0	24491
2014.0	432183	23	17.0	7.83112	0.0	0.0	0.0	2937
2016.0	432183	31	21.0	10.59829	0.0	1.0	0.0	2910
2014.0	432185	57	45.0	12.726055	0.0	0.0	0.0	4479
2016.0	432185	52	35.0	11.627907	0.0	1.0	0.0	4464
2014.0	432190	313	252.0	12.693134	0.0	0.0	0.0	24659
2016.0	432190	305	277.0	12.375234	0.0	1.0	0.0	24640
2014.0	432195	92	50.0	15.431064	0.0	0.0	0.0	5962
2016.0	432195	93	72.0	15.604027	0.0	1.0	0.0	5961
2014.0	432200	333	213.0	12.048629	0.0	0.0	0.0	27638
2016.0	432200	350	274.0	12.560109	0.0	1.0	0.0	28084
2014.0	432210	52	37.0	8.656568	0.0	0.0	0.0	6007
2016.0	432210	43	33.0	7.177433	0.0	1.0	0.0	5979
2014.0	432215	40	18.0	8.73744	0.0	0.0	0.0	4578
2016.0	432215	40	27.0	8.720297	0.0	1.0	0.0	4595
2014.0	432218	18	16.0	11.306533	0.0	0.0	0.0	1592
2016.0	432218	9	8.0	5.6854076	0.0	1.0	0.0	1578
2014.0	432220	297	199.0	12.680386	0.0	0.0	0.0	23422
2016.0	432220	266	177.0	11.308562	0.0	1.0	0.0	23615
2014.0	432225	66	58.0	15.2990265	0.0	0.0	0.0	4314
2016.0	432225	65	58.0	14.901422	0.0	1.0	0.0	4421
2014.0	432230	79	67.0	9.16686	0.0	0.0	0.0	8618
2016.0	432230	84	75.0	9.80049	0.0	1.0	0.0	8533
2014.0	432232	44	19.0	12.222222	0.0	0.0	0.0	3600
2016.0	432232	36	25.0	10.022272	0.0	1.0	0.0	3590
2014.0	432234	18	13.0	7.894737	0.0	0.0	0.0	2280
2016.0	432234	14	10.0	6.1810155	0.0	1.0	0.0	2248
2014.0	432235	4		2.783577	0.0	0.0	0.0	1437
2016.0	432235	10		7.052186	0.0	1.0	0.0	1393
2014.0	432237	28	22.0	11.24498	0.0	0.0	0.0	2490
2016.0	432237	21	15.0	8.464329	0.0	1.0	0.0	2474
2014.0	432240	1851	1435.0	14.284943	0.0	0.0	0.0	129577
2016.0	432240	1780	1450.0	13.729165	0.0	1.0	0.0	129720
2014.0	432250	973	690.0	15.069385	0.0	0.0	0.0	64568
2016.0	432250	953	777.0	14.693865	0.0	1.0	0.0	65135
2014.0	432252	35	28.0	10.239906	0.0	0.0	0.0	3418
2016.0	432252	37	28.0	10.774607	0.0	1.0	0.0	3448
2014.0	432253	107	56.0	9.218575	0.0	0.0	0.0	11607
2016.0	432253	80	53.0	6.866953	0.0	1.0	0.0	11689
2014.0	432254	62	39.0	11.278879	0.0	0.0	0.0	5497
2016.0	432254	62	50.0	11.181244	0.0	1.0	0.0	5594
2014.0	432255	21	14.0	10.096154	0.0	0.0	0.0	2080
2016.0	432255	22	20.0	10.536399	0.0	1.0	0.0	2094
2014.0	432260	816	702.0	11.737291	0.0	0.0	0.0	69522
2016.0	432260	792	668.0	11.336798	0.0	1.0	0.0	70179
2014.0	432270	278	156.0	10.890857	0.0	0.0	0.0	25526
2016.0	432270	289	252.0	11.245136	0.0	1.0	0.0	25866
2014.0	432280	275	242.0	11.236874	0.0	0.0	0.0	24473
2016.0	432280	245	230.0	9.924654	0.0	1.0	0.0	24885
2014.0	432285	11	10.0	5.5304174	0.0	0.0	0.0	1989
2016.0	432285	15	12.0	7.61035	0.0	1.0	0.0	1966
2014.0	432290	48	33.0	9.048068	0.0	0.0	0.0	5305
2016.0	432290	41	37.0	7.77546	0.0	1.0	0.0	5237
2014.0	432300	3435	2693.0	13.683351	0.0	0.0	0.0	251035
2016.0	432300	3363	2665.0	13.346297	0.0	1.0	0.0	252872
2014.0	432310	57	35.0	10.826211	0.0	0.0	0.0	5265
2016.0	432310	66	42.0	12.631579	0.0	1.0	0.0	5187
2014.0	432320	31	29.0	10.051881	0.0	0.0	0.0	3084
2016.0	432320	20	20.0	6.514658	0.0	1.0	0.0	3060
2014.0	432330	33	31.0	9.847807	0.0	0.0	0.0	3351
2016.0	432330	36	34.0	10.717476	0.0	1.0	0.0	3373
2014.0	432335	20	16.0	9.099181	0.0	0.0	0.0	2198
2016.0	432335	18	15.0	8.196721	0.0	1.0	0.0	2189
2014.0	432340	34	26.0	7.751938	0.0	0.0	0.0	4386
2016.0	432340	34	31.0	7.7466393	0.0	1.0	0.0	4400
2014.0	432345	22	13.0	5.043558	0.0	0.0	0.0	4362
2016.0	432345	20	15.0	4.579803	0.0	1.0	0.0	4368
2014.0	432350	29	21.0	10.038075	0.0	0.0	0.0	2889
2016.0	432350	23	22.0	7.9667473	0.0	1.0	0.0	2882
2014.0	432360	14	14.0	8.674102	0.0	0.0	0.0	1614
2016.0	432360	10	10.0	6.203474	0.0	1.0	0.0	1612
2014.0	432370	25	21.0	8.7321	0.0	0.0	0.0	2863
2016.0	432370	19	16.0	6.6086955	0.0	1.0	0.0	2877
2014.0	432375	20	12.0	5.7355895	0.0	0.0	0.0	3487
2016.0	432375	23	18.0	6.6378064	0.0	1.0	0.0	3442
2014.0	432377	29	24.0	9.860592	0.0	0.0	0.0	2941
2016.0	432377	43	37.0	14.556534	0.0	1.0	0.0	2965
2014.0	432380	223	197.0	15.983372	0.0	0.0	0.0	13952
2016.0	432380	238	176.0	16.764105	0.0	1.0	0.0	14430
